AC  MA0002.2_perm1
XX
ID  MA0002.2_perm1
XX
DE  TykttGGGtTw
P0           A         C         G         T
1           57         0         7      1936
2          123      1072       149       656
3          287       496       696       521
4           10       400       251      1339
5          234       485       467       814
6            0         0      1987        13
7            0        75      1872        53
8           17        42      1848        93
9          131       463        81      1325
10          87       127        70      1716
11         500       158       289      1053
XX
CC  residue_type: 
CC  program: transfac
CC  matrix.nb: 1
CC  accession: MA0002.2_perm1
CC  AC: MA0002.2_perm1
CC  id: MA0002.2
CC  name: MA0002.2_perm1
CC  version: 
CC  transfac_consensus: NNYTGTGGTTT
CC  name: MA0002.2_perm1
CC  matrix.nb: 1
CC  consensus.strict: TcgttGGGtTt
CC  consensus.strict.rc: AAACCCAACGA
CC  consensus.IUPAC: TykttGGGtTw
CC  consensus.IUPAC.rc: WAACCCAAMRA
CC  consensus.regexp: T[ct][gt]ttGGGtT[at]
CC  consensus.regexp.rc: [AT]AACCCAA[AC][AG]A
XX
//
AC  MA0002.2_perm2
XX
ID  MA0002.2_perm2
XX
DE  TykttGGGtTw
P0           A         C         G         T
1          500       158       289      1053
2           17        42      1848        93
3           57         0         7      1936
4           10       400       251      1339
5            0        75      1872        53
6            0         0      1987        13
7          234       485       467       814
8           87       127        70      1716
9          123      1072       149       656
10         287       496       696       521
11         131       463        81      1325
XX
CC  residue_type: 
CC  program: transfac
CC  matrix.nb: 1
CC  accession: MA0002.2_perm2
CC  AC: MA0002.2_perm2
CC  id: MA0002.2
CC  name: MA0002.2_perm2
CC  version: 
CC  transfac_consensus: NNYTGTGGTTT
CC  name: MA0002.2_perm2
CC  matrix.nb: 1
CC  consensus.strict: TcgttGGGtTt
CC  consensus.strict.rc: AAACCCAACGA
CC  consensus.IUPAC: TykttGGGtTw
CC  consensus.IUPAC.rc: WAACCCAAMRA
CC  consensus.regexp: T[ct][gt]ttGGGtT[at]
CC  consensus.regexp.rc: [AT]AACCCAA[AC][AG]A
XX
//
AC  MA0002.2_perm3
XX
ID  MA0002.2_perm3
XX
DE  TykttGGGtTw
P0           A         C         G         T
1          287       496       696       521
2            0        75      1872        53
3           57         0         7      1936
4          500       158       289      1053
5          123      1072       149       656
6           10       400       251      1339
7           87       127        70      1716
8          234       485       467       814
9            0         0      1987        13
10         131       463        81      1325
11          17        42      1848        93
XX
CC  residue_type: 
CC  program: transfac
CC  matrix.nb: 1
CC  accession: MA0002.2_perm3
CC  AC: MA0002.2_perm3
CC  id: MA0002.2
CC  name: MA0002.2_perm3
CC  version: 
CC  transfac_consensus: NNYTGTGGTTT
CC  name: MA0002.2_perm3
CC  matrix.nb: 1
CC  consensus.strict: TcgttGGGtTt
CC  consensus.strict.rc: AAACCCAACGA
CC  consensus.IUPAC: TykttGGGtTw
CC  consensus.IUPAC.rc: WAACCCAAMRA
CC  consensus.regexp: T[ct][gt]ttGGGtT[at]
CC  consensus.regexp.rc: [AT]AACCCAA[AC][AG]A
XX
//
AC  MA0002.2_perm4
XX
ID  MA0002.2_perm4
XX
DE  TykttGGGtTw
P0           A         C         G         T
1          131       463        81      1325
2          234       485       467       814
3           10       400       251      1339
4          500       158       289      1053
5          123      1072       149       656
6           17        42      1848        93
7           57         0         7      1936
8            0         0      1987        13
9           87       127        70      1716
10           0        75      1872        53
11         287       496       696       521
XX
CC  residue_type: 
CC  program: transfac
CC  matrix.nb: 1
CC  accession: MA0002.2_perm4
CC  AC: MA0002.2_perm4
CC  id: MA0002.2
CC  name: MA0002.2_perm4
CC  version: 
CC  transfac_consensus: NNYTGTGGTTT
CC  name: MA0002.2_perm4
CC  matrix.nb: 1
CC  consensus.strict: TcgttGGGtTt
CC  consensus.strict.rc: AAACCCAACGA
CC  consensus.IUPAC: TykttGGGtTw
CC  consensus.IUPAC.rc: WAACCCAAMRA
CC  consensus.regexp: T[ct][gt]ttGGGtT[at]
CC  consensus.regexp.rc: [AT]AACCCAA[AC][AG]A
XX
//
AC  MA0002.2_perm5
XX
ID  MA0002.2_perm5
XX
DE  TykttGGGtTw
P0           A         C         G         T
1          287       496       696       521
2            0        75      1872        53
3           87       127        70      1716
4           17        42      1848        93
5          123      1072       149       656
6           10       400       251      1339
7            0         0      1987        13
8          131       463        81      1325
9          234       485       467       814
10         500       158       289      1053
11          57         0         7      1936
XX
CC  residue_type: 
CC  program: transfac
CC  matrix.nb: 1
CC  accession: MA0002.2_perm5
CC  AC: MA0002.2_perm5
CC  id: MA0002.2
CC  name: MA0002.2_perm5
CC  version: 
CC  transfac_consensus: NNYTGTGGTTT
CC  name: MA0002.2_perm5
CC  matrix.nb: 1
CC  consensus.strict: TcgttGGGtTt
CC  consensus.strict.rc: AAACCCAACGA
CC  consensus.IUPAC: TykttGGGtTw
CC  consensus.IUPAC.rc: WAACCCAAMRA
CC  consensus.regexp: T[ct][gt]ttGGGtT[at]
CC  consensus.regexp.rc: [AT]AACCCAA[AC][AG]A
XX
//
AC  MA0009.2_perm1
XX
ID  MA0009.2_perm1
XX
DE  GgARGTyAATCGCTcm
P0           A         C         G         T
1          559       113      6137       307
2          642      1207      3507      1760
3         6880         0       236         0
4         4934        71      1830       281
5          257       853      4864      1142
6            0       194        13      6909
7          403      1881        55      4777
8         6885        20       183        28
9         5705       166       673       572
10         559       543       190      5824
11         266      6227       135       488
12          11         0      7105         0
13           0      7113         0         3
14          52       156        22      6886
15        1767      3428      1293       628
16        1856      3956      1094       210
XX
CC  residue_type: 
CC  program: transfac
CC  matrix.nb: 2
CC  accession: MA0009.2_perm1
CC  AC: MA0009.2_perm1
CC  id: MA0009.2
CC  name: MA0009.2_perm1
CC  version: 
CC  transfac_consensus: TMRCACNTANGTGYGA
CC  name: MA0009.2_perm1
CC  matrix.nb: 2
CC  consensus.strict: GgAAGTtAATCGCTcc
CC  consensus.strict.rc: GGAGCGATTAACTTCC
CC  consensus.IUPAC: GgARGTyAATCGCTcm
CC  consensus.IUPAC.rc: KGAGCGATTRACYTCC
CC  consensus.regexp: GgA[AG]GT[ct]AATCGCTc[ac]
CC  consensus.regexp.rc: [GT]GAGCGATT[AG]AC[CT]TCC
XX
//
AC  MA0009.2_perm2
XX
ID  MA0009.2_perm2
XX
DE  GgARGTyAATCGCTcm
P0           A         C         G         T
1         5705       166       673       572
2           11         0      7105         0
3          642      1207      3507      1760
4          559       543       190      5824
5          559       113      6137       307
6          403      1881        55      4777
7          266      6227       135       488
8         4934        71      1830       281
9         1767      3428      1293       628
10         257       853      4864      1142
11          52       156        22      6886
12        1856      3956      1094       210
13        6885        20       183        28
14        6880         0       236         0
15           0      7113         0         3
16           0       194        13      6909
XX
CC  residue_type: 
CC  program: transfac
CC  matrix.nb: 2
CC  accession: MA0009.2_perm2
CC  AC: MA0009.2_perm2
CC  id: MA0009.2
CC  name: MA0009.2_perm2
CC  version: 
CC  transfac_consensus: TMRCACNTANGTGYGA
CC  name: MA0009.2_perm2
CC  matrix.nb: 2
CC  consensus.strict: GgAAGTtAATCGCTcc
CC  consensus.strict.rc: GGAGCGATTAACTTCC
CC  consensus.IUPAC: GgARGTyAATCGCTcm
CC  consensus.IUPAC.rc: KGAGCGATTRACYTCC
CC  consensus.regexp: GgA[AG]GT[ct]AATCGCTc[ac]
CC  consensus.regexp.rc: [GT]GAGCGATT[AG]AC[CT]TCC
XX
//
AC  MA0009.2_perm3
XX
ID  MA0009.2_perm3
XX
DE  GgARGTyAATCGCTcm
P0           A         C         G         T
1            0       194        13      6909
2           52       156        22      6886
3            0      7113         0         3
4          403      1881        55      4777
5          266      6227       135       488
6         5705       166       673       572
7         6880         0       236         0
8         4934        71      1830       281
9          559       543       190      5824
10        1767      3428      1293       628
11         642      1207      3507      1760
12        6885        20       183        28
13         257       853      4864      1142
14         559       113      6137       307
15          11         0      7105         0
16        1856      3956      1094       210
XX
CC  residue_type: 
CC  program: transfac
CC  matrix.nb: 2
CC  accession: MA0009.2_perm3
CC  AC: MA0009.2_perm3
CC  id: MA0009.2
CC  name: MA0009.2_perm3
CC  version: 
CC  transfac_consensus: TMRCACNTANGTGYGA
CC  name: MA0009.2_perm3
CC  matrix.nb: 2
CC  consensus.strict: GgAAGTtAATCGCTcc
CC  consensus.strict.rc: GGAGCGATTAACTTCC
CC  consensus.IUPAC: GgARGTyAATCGCTcm
CC  consensus.IUPAC.rc: KGAGCGATTRACYTCC
CC  consensus.regexp: GgA[AG]GT[ct]AATCGCTc[ac]
CC  consensus.regexp.rc: [GT]GAGCGATT[AG]AC[CT]TCC
XX
//
AC  MA0009.2_perm4
XX
ID  MA0009.2_perm4
XX
DE  GgARGTyAATCGCTcm
P0           A         C         G         T
1           52       156        22      6886
2         1767      3428      1293       628
3          642      1207      3507      1760
4            0       194        13      6909
5         5705       166       673       572
6          559       543       190      5824
7            0      7113         0         3
8         6885        20       183        28
9          559       113      6137       307
10         403      1881        55      4777
11        6880         0       236         0
12          11         0      7105         0
13         257       853      4864      1142
14        4934        71      1830       281
15        1856      3956      1094       210
16         266      6227       135       488
XX
CC  residue_type: 
CC  program: transfac
CC  matrix.nb: 2
CC  accession: MA0009.2_perm4
CC  AC: MA0009.2_perm4
CC  id: MA0009.2
CC  name: MA0009.2_perm4
CC  version: 
CC  transfac_consensus: TMRCACNTANGTGYGA
CC  name: MA0009.2_perm4
CC  matrix.nb: 2
CC  consensus.strict: GgAAGTtAATCGCTcc
CC  consensus.strict.rc: GGAGCGATTAACTTCC
CC  consensus.IUPAC: GgARGTyAATCGCTcm
CC  consensus.IUPAC.rc: KGAGCGATTRACYTCC
CC  consensus.regexp: GgA[AG]GT[ct]AATCGCTc[ac]
CC  consensus.regexp.rc: [GT]GAGCGATT[AG]AC[CT]TCC
XX
//
AC  MA0009.2_perm5
XX
ID  MA0009.2_perm5
XX
DE  GgARGTyAATCGCTcm
P0           A         C         G         T
1         1856      3956      1094       210
2          559       113      6137       307
3         6885        20       183        28
4            0       194        13      6909
5           11         0      7105         0
6         5705       166       673       572
7          257       853      4864      1142
8            0      7113         0         3
9          642      1207      3507      1760
10        1767      3428      1293       628
11         559       543       190      5824
12        4934        71      1830       281
13         403      1881        55      4777
14        6880         0       236         0
15          52       156        22      6886
16         266      6227       135       488
XX
CC  residue_type: 
CC  program: transfac
CC  matrix.nb: 2
CC  accession: MA0009.2_perm5
CC  AC: MA0009.2_perm5
CC  id: MA0009.2
CC  name: MA0009.2_perm5
CC  version: 
CC  transfac_consensus: TMRCACNTANGTGYGA
CC  name: MA0009.2_perm5
CC  matrix.nb: 2
CC  consensus.strict: GgAAGTtAATCGCTcc
CC  consensus.strict.rc: GGAGCGATTAACTTCC
CC  consensus.IUPAC: GgARGTyAATCGCTcm
CC  consensus.IUPAC.rc: KGAGCGATTRACYTCC
CC  consensus.regexp: GgA[AG]GT[ct]AATCGCTc[ac]
CC  consensus.regexp.rc: [GT]GAGCGATT[AG]AC[CT]TCC
XX
//
AC  MA0017.2_perm1
XX
ID  MA0017.2_perm1
XX
DE  CaGrGcmRATrGr
P0           A         C         G         T
1            0     23504         0         0
2        14162      3298      2247      3797
3            0         0     23504         0
4        12345       754      9491       914
5         2729      1399     17711      1665
6         4802     11446      3276      3980
7         9972      5954      3154      4424
8        16252         0      7252         0
9        23328         0       176         0
10           0         0         0     23504
11        6385      4814      7575      4730
12           0        58     23446         0
13        6294      5781      8566      2863
XX
CC  residue_type: 
CC  program: transfac
CC  matrix.nb: 3
CC  accession: MA0017.2_perm1
CC  AC: MA0017.2_perm1
CC  id: MA0017.2
CC  name: MA0017.2_perm1
CC  version: 
CC  transfac_consensus: NARRGGTCANNNG
CC  name: MA0017.2_perm1
CC  matrix.nb: 3
CC  consensus.strict: CaGaGcaAATgGg
CC  consensus.strict.rc: CCCATTTGCTCTG
CC  consensus.IUPAC: CaGrGcmRATrGr
CC  consensus.IUPAC.rc: YCYATYKGCYCTG
CC  consensus.regexp: CaG[ag]Gc[ac][AG]AT[ag]G[ag]
CC  consensus.regexp.rc: [CT]C[CT]AT[CT][GT]GC[CT]CTG
XX
//
AC  MA0017.2_perm2
XX
ID  MA0017.2_perm2
XX
DE  CaGrGcmRATrGr
P0           A         C         G         T
1         6294      5781      8566      2863
2            0         0         0     23504
3        16252         0      7252         0
4            0         0     23504         0
5         4802     11446      3276      3980
6            0     23504         0         0
7        14162      3298      2247      3797
8         9972      5954      3154      4424
9        12345       754      9491       914
10           0        58     23446         0
11       23328         0       176         0
12        6385      4814      7575      4730
13        2729      1399     17711      1665
XX
CC  residue_type: 
CC  program: transfac
CC  matrix.nb: 3
CC  accession: MA0017.2_perm2
CC  AC: MA0017.2_perm2
CC  id: MA0017.2
CC  name: MA0017.2_perm2
CC  version: 
CC  transfac_consensus: NARRGGTCANNNG
CC  name: MA0017.2_perm2
CC  matrix.nb: 3
CC  consensus.strict: CaGaGcaAATgGg
CC  consensus.strict.rc: CCCATTTGCTCTG
CC  consensus.IUPAC: CaGrGcmRATrGr
CC  consensus.IUPAC.rc: YCYATYKGCYCTG
CC  consensus.regexp: CaG[ag]Gc[ac][AG]AT[ag]G[ag]
CC  consensus.regexp.rc: [CT]C[CT]AT[CT][GT]GC[CT]CTG
XX
//
AC  MA0017.2_perm3
XX
ID  MA0017.2_perm3
XX
DE  CaGrGcmRATrGr
P0           A         C         G         T
1            0         0     23504         0
2            0        58     23446         0
3        23328         0       176         0
4         9972      5954      3154      4424
5         2729      1399     17711      1665
6         4802     11446      3276      3980
7        14162      3298      2247      3797
8            0         0         0     23504
9            0     23504         0         0
10        6385      4814      7575      4730
11        6294      5781      8566      2863
12       12345       754      9491       914
13       16252         0      7252         0
XX
CC  residue_type: 
CC  program: transfac
CC  matrix.nb: 3
CC  accession: MA0017.2_perm3
CC  AC: MA0017.2_perm3
CC  id: MA0017.2
CC  name: MA0017.2_perm3
CC  version: 
CC  transfac_consensus: NARRGGTCANNNG
CC  name: MA0017.2_perm3
CC  matrix.nb: 3
CC  consensus.strict: CaGaGcaAATgGg
CC  consensus.strict.rc: CCCATTTGCTCTG
CC  consensus.IUPAC: CaGrGcmRATrGr
CC  consensus.IUPAC.rc: YCYATYKGCYCTG
CC  consensus.regexp: CaG[ag]Gc[ac][AG]AT[ag]G[ag]
CC  consensus.regexp.rc: [CT]C[CT]AT[CT][GT]GC[CT]CTG
XX
//
AC  MA0017.2_perm4
XX
ID  MA0017.2_perm4
XX
DE  CaGrGcmRATrGr
P0           A         C         G         T
1         9972      5954      3154      4424
2            0     23504         0         0
3            0         0     23504         0
4            0        58     23446         0
5        23328         0       176         0
6        16252         0      7252         0
7        12345       754      9491       914
8        14162      3298      2247      3797
9         6294      5781      8566      2863
10           0         0         0     23504
11        2729      1399     17711      1665
12        4802     11446      3276      3980
13        6385      4814      7575      4730
XX
CC  residue_type: 
CC  program: transfac
CC  matrix.nb: 3
CC  accession: MA0017.2_perm4
CC  AC: MA0017.2_perm4
CC  id: MA0017.2
CC  name: MA0017.2_perm4
CC  version: 
CC  transfac_consensus: NARRGGTCANNNG
CC  name: MA0017.2_perm4
CC  matrix.nb: 3
CC  consensus.strict: CaGaGcaAATgGg
CC  consensus.strict.rc: CCCATTTGCTCTG
CC  consensus.IUPAC: CaGrGcmRATrGr
CC  consensus.IUPAC.rc: YCYATYKGCYCTG
CC  consensus.regexp: CaG[ag]Gc[ac][AG]AT[ag]G[ag]
CC  consensus.regexp.rc: [CT]C[CT]AT[CT][GT]GC[CT]CTG
XX
//
AC  MA0017.2_perm5
XX
ID  MA0017.2_perm5
XX
DE  CaGrGcmRATrGr
P0           A         C         G         T
1        23328         0       176         0
2            0        58     23446         0
3         2729      1399     17711      1665
4         6385      4814      7575      4730
5        12345       754      9491       914
6            0     23504         0         0
7         9972      5954      3154      4424
8         4802     11446      3276      3980
9        14162      3298      2247      3797
10       16252         0      7252         0
11        6294      5781      8566      2863
12           0         0         0     23504
13           0         0     23504         0
XX
CC  residue_type: 
CC  program: transfac
CC  matrix.nb: 3
CC  accession: MA0017.2_perm5
CC  AC: MA0017.2_perm5
CC  id: MA0017.2
CC  name: MA0017.2_perm5
CC  version: 
CC  transfac_consensus: NARRGGTCANNNG
CC  name: MA0017.2_perm5
CC  matrix.nb: 3
CC  consensus.strict: CaGaGcaAATgGg
CC  consensus.strict.rc: CCCATTTGCTCTG
CC  consensus.IUPAC: CaGrGcmRATrGr
CC  consensus.IUPAC.rc: YCYATYKGCYCTG
CC  consensus.regexp: CaG[ag]Gc[ac][AG]AT[ag]G[ag]
CC  consensus.regexp.rc: [CT]C[CT]AT[CT][GT]GC[CT]CTG
XX
//
AC  MA0024.3_perm1
XX
ID  MA0024.3_perm1
XX
DE  taCtCCGaaGtG
P0           A         C         G         T
1          209        36       146       632
2          571        68       130       254
3            0      1020         0         3
4          254       115        89       565
5            0       877        70        76
6            3       991        29         0
7           54        72       896         1
8          629        99        71       224
9          642       210        25       146
10           0         1      1022         0
11         241        46       100       636
12           0        33       990         0
XX
CC  residue_type: 
CC  program: transfac
CC  matrix.nb: 4
CC  accession: MA0024.3_perm1
CC  AC: MA0024.3_perm1
CC  id: MA0024.3
CC  name: MA0024.3_perm1
CC  version: 
CC  transfac_consensus: TTTGGCGCCAAA
CC  name: MA0024.3_perm1
CC  matrix.nb: 4
CC  consensus.strict: taCtCCGaaGtG
CC  consensus.strict.rc: CACTTCGGAGTA
CC  consensus.IUPAC: taCtCCGaaGtG
CC  consensus.IUPAC.rc: CACTTCGGAGTA
CC  consensus.regexp: taCtCCGaaGtG
CC  consensus.regexp.rc: CACTTCGGAGTA
XX
//
AC  MA0024.3_perm2
XX
ID  MA0024.3_perm2
XX
DE  taCtCCGaaGtG
P0           A         C         G         T
1          571        68       130       254
2           54        72       896         1
3          642       210        25       146
4          629        99        71       224
5            0      1020         0         3
6          254       115        89       565
7            3       991        29         0
8            0         1      1022         0
9          241        46       100       636
10         209        36       146       632
11           0        33       990         0
12           0       877        70        76
XX
CC  residue_type: 
CC  program: transfac
CC  matrix.nb: 4
CC  accession: MA0024.3_perm2
CC  AC: MA0024.3_perm2
CC  id: MA0024.3
CC  name: MA0024.3_perm2
CC  version: 
CC  transfac_consensus: TTTGGCGCCAAA
CC  name: MA0024.3_perm2
CC  matrix.nb: 4
CC  consensus.strict: taCtCCGaaGtG
CC  consensus.strict.rc: CACTTCGGAGTA
CC  consensus.IUPAC: taCtCCGaaGtG
CC  consensus.IUPAC.rc: CACTTCGGAGTA
CC  consensus.regexp: taCtCCGaaGtG
CC  consensus.regexp.rc: CACTTCGGAGTA
XX
//
AC  MA0024.3_perm3
XX
ID  MA0024.3_perm3
XX
DE  taCtCCGaaGtG
P0           A         C         G         T
1            0      1020         0         3
2            3       991        29         0
3          254       115        89       565
4          571        68       130       254
5           54        72       896         1
6            0       877        70        76
7          629        99        71       224
8          642       210        25       146
9          241        46       100       636
10           0         1      1022         0
11           0        33       990         0
12         209        36       146       632
XX
CC  residue_type: 
CC  program: transfac
CC  matrix.nb: 4
CC  accession: MA0024.3_perm3
CC  AC: MA0024.3_perm3
CC  id: MA0024.3
CC  name: MA0024.3_perm3
CC  version: 
CC  transfac_consensus: TTTGGCGCCAAA
CC  name: MA0024.3_perm3
CC  matrix.nb: 4
CC  consensus.strict: taCtCCGaaGtG
CC  consensus.strict.rc: CACTTCGGAGTA
CC  consensus.IUPAC: taCtCCGaaGtG
CC  consensus.IUPAC.rc: CACTTCGGAGTA
CC  consensus.regexp: taCtCCGaaGtG
CC  consensus.regexp.rc: CACTTCGGAGTA
XX
//
AC  MA0024.3_perm4
XX
ID  MA0024.3_perm4
XX
DE  taCtCCGaaGtG
P0           A         C         G         T
1            0      1020         0         3
2          254       115        89       565
3          571        68       130       254
4           54        72       896         1
5          642       210        25       146
6          241        46       100       636
7            0        33       990         0
8            3       991        29         0
9            0         1      1022         0
10           0       877        70        76
11         629        99        71       224
12         209        36       146       632
XX
CC  residue_type: 
CC  program: transfac
CC  matrix.nb: 4
CC  accession: MA0024.3_perm4
CC  AC: MA0024.3_perm4
CC  id: MA0024.3
CC  name: MA0024.3_perm4
CC  version: 
CC  transfac_consensus: TTTGGCGCCAAA
CC  name: MA0024.3_perm4
CC  matrix.nb: 4
CC  consensus.strict: taCtCCGaaGtG
CC  consensus.strict.rc: CACTTCGGAGTA
CC  consensus.IUPAC: taCtCCGaaGtG
CC  consensus.IUPAC.rc: CACTTCGGAGTA
CC  consensus.regexp: taCtCCGaaGtG
CC  consensus.regexp.rc: CACTTCGGAGTA
XX
//
AC  MA0024.3_perm5
XX
ID  MA0024.3_perm5
XX
DE  taCtCCGaaGtG
P0           A         C         G         T
1          629        99        71       224
2          642       210        25       146
3           54        72       896         1
4          209        36       146       632
5            0       877        70        76
6          254       115        89       565
7            0         1      1022         0
8          571        68       130       254
9            0      1020         0         3
10           0        33       990         0
11         241        46       100       636
12           3       991        29         0
XX
CC  residue_type: 
CC  program: transfac
CC  matrix.nb: 4
CC  accession: MA0024.3_perm5
CC  AC: MA0024.3_perm5
CC  id: MA0024.3
CC  name: MA0024.3_perm5
CC  version: 
CC  transfac_consensus: TTTGGCGCCAAA
CC  name: MA0024.3_perm5
CC  matrix.nb: 4
CC  consensus.strict: taCtCCGaaGtG
CC  consensus.strict.rc: CACTTCGGAGTA
CC  consensus.IUPAC: taCtCCGaaGtG
CC  consensus.IUPAC.rc: CACTTCGGAGTA
CC  consensus.regexp: taCtCCGaaGtG
CC  consensus.regexp.rc: CACTTCGGAGTA
XX
//
AC  MA0027.2_perm1
XX
ID  MA0027.2_perm1
XX
DE  gATsATyA
P0           A         C         G         T
1          689       683      1217       302
2         2730        94        67         0
3           46       389       130      2326
4          427      1174       765       525
5         2738         0        28       125
6            0         0         0      2891
7          100      1280         5      1506
8         2863        28         0         0
XX
CC  residue_type: 
CC  program: transfac
CC  matrix.nb: 5
CC  accession: MA0027.2_perm1
CC  AC: MA0027.2_perm1
CC  id: MA0027.2
CC  name: MA0027.2_perm1
CC  version: 
CC  transfac_consensus: NYAATTAN
CC  name: MA0027.2_perm1
CC  matrix.nb: 5
CC  consensus.strict: gATcATtA
CC  consensus.strict.rc: TAATGATC
CC  consensus.IUPAC: gATsATyA
CC  consensus.IUPAC.rc: TRATSATC
CC  consensus.regexp: gAT[cg]AT[ct]A
CC  consensus.regexp.rc: T[AG]AT[CG]ATC
XX
//
AC  MA0027.2_perm2
XX
ID  MA0027.2_perm2
XX
DE  gATsATyA
P0           A         C         G         T
1         2730        94        67         0
2           46       389       130      2326
3         2863        28         0         0
4          427      1174       765       525
5          689       683      1217       302
6          100      1280         5      1506
7         2738         0        28       125
8            0         0         0      2891
XX
CC  residue_type: 
CC  program: transfac
CC  matrix.nb: 5
CC  accession: MA0027.2_perm2
CC  AC: MA0027.2_perm2
CC  id: MA0027.2
CC  name: MA0027.2_perm2
CC  version: 
CC  transfac_consensus: NYAATTAN
CC  name: MA0027.2_perm2
CC  matrix.nb: 5
CC  consensus.strict: gATcATtA
CC  consensus.strict.rc: TAATGATC
CC  consensus.IUPAC: gATsATyA
CC  consensus.IUPAC.rc: TRATSATC
CC  consensus.regexp: gAT[cg]AT[ct]A
CC  consensus.regexp.rc: T[AG]AT[CG]ATC
XX
//
AC  MA0027.2_perm3
XX
ID  MA0027.2_perm3
XX
DE  gATsATyA
P0           A         C         G         T
1          689       683      1217       302
2         2863        28         0         0
3           46       389       130      2326
4         2738         0        28       125
5         2730        94        67         0
6          100      1280         5      1506
7          427      1174       765       525
8            0         0         0      2891
XX
CC  residue_type: 
CC  program: transfac
CC  matrix.nb: 5
CC  accession: MA0027.2_perm3
CC  AC: MA0027.2_perm3
CC  id: MA0027.2
CC  name: MA0027.2_perm3
CC  version: 
CC  transfac_consensus: NYAATTAN
CC  name: MA0027.2_perm3
CC  matrix.nb: 5
CC  consensus.strict: gATcATtA
CC  consensus.strict.rc: TAATGATC
CC  consensus.IUPAC: gATsATyA
CC  consensus.IUPAC.rc: TRATSATC
CC  consensus.regexp: gAT[cg]AT[ct]A
CC  consensus.regexp.rc: T[AG]AT[CG]ATC
XX
//
AC  MA0027.2_perm4
XX
ID  MA0027.2_perm4
XX
DE  gATsATyA
P0           A         C         G         T
1         2863        28         0         0
2           46       389       130      2326
3          427      1174       765       525
4            0         0         0      2891
5          100      1280         5      1506
6         2730        94        67         0
7         2738         0        28       125
8          689       683      1217       302
XX
CC  residue_type: 
CC  program: transfac
CC  matrix.nb: 5
CC  accession: MA0027.2_perm4
CC  AC: MA0027.2_perm4
CC  id: MA0027.2
CC  name: MA0027.2_perm4
CC  version: 
CC  transfac_consensus: NYAATTAN
CC  name: MA0027.2_perm4
CC  matrix.nb: 5
CC  consensus.strict: gATcATtA
CC  consensus.strict.rc: TAATGATC
CC  consensus.IUPAC: gATsATyA
CC  consensus.IUPAC.rc: TRATSATC
CC  consensus.regexp: gAT[cg]AT[ct]A
CC  consensus.regexp.rc: T[AG]AT[CG]ATC
XX
//
AC  MA0027.2_perm5
XX
ID  MA0027.2_perm5
XX
DE  gATsATyA
P0           A         C         G         T
1         2730        94        67         0
2          427      1174       765       525
3         2863        28         0         0
4           46       389       130      2326
5            0         0         0      2891
6          689       683      1217       302
7          100      1280         5      1506
8         2738         0        28       125
XX
CC  residue_type: 
CC  program: transfac
CC  matrix.nb: 5
CC  accession: MA0027.2_perm5
CC  AC: MA0027.2_perm5
CC  id: MA0027.2
CC  name: MA0027.2_perm5
CC  version: 
CC  transfac_consensus: NYAATTAN
CC  name: MA0027.2_perm5
CC  matrix.nb: 5
CC  consensus.strict: gATcATtA
CC  consensus.strict.rc: TAATGATC
CC  consensus.IUPAC: gATsATyA
CC  consensus.IUPAC.rc: TRATSATC
CC  consensus.regexp: gAT[cg]AT[ct]A
CC  consensus.regexp.rc: T[AG]AT[CG]ATC
XX
//
AC  MA0028.2_perm1
XX
ID  MA0028.2_perm1
XX
DE  GCGArAGTAC
P0           A         C         G         T
1         3939      3084     59827       384
2         1679     63190      2039       326
3            0        31     67165        38
4        66768       340        90        36
5        19483      9794     25353     12604
6        45807      2750     12959      5718
7            6        59     66140      1029
8         1137      7833      1394     56870
9        63678       463        83      3010
10         522     66595        86        31
XX
CC  residue_type: 
CC  program: transfac
CC  matrix.nb: 6
CC  accession: MA0028.2_perm1
CC  AC: MA0028.2_perm1
CC  id: MA0028.2
CC  name: MA0028.2_perm1
CC  version: 
CC  transfac_consensus: ACCGGAAGTN
CC  name: MA0028.2_perm1
CC  matrix.nb: 6
CC  consensus.strict: GCGAgAGTAC
CC  consensus.strict.rc: GTACTCTCGC
CC  consensus.IUPAC: GCGArAGTAC
CC  consensus.IUPAC.rc: GTACTYTCGC
CC  consensus.regexp: GCGA[ag]AGTAC
CC  consensus.regexp.rc: GTACT[CT]TCGC
XX
//
AC  MA0028.2_perm2
XX
ID  MA0028.2_perm2
XX
DE  GCGArAGTAC
P0           A         C         G         T
1         1679     63190      2039       326
2          522     66595        86        31
3         3939      3084     59827       384
4            6        59     66140      1029
5        45807      2750     12959      5718
6        66768       340        90        36
7        63678       463        83      3010
8            0        31     67165        38
9        19483      9794     25353     12604
10        1137      7833      1394     56870
XX
CC  residue_type: 
CC  program: transfac
CC  matrix.nb: 6
CC  accession: MA0028.2_perm2
CC  AC: MA0028.2_perm2
CC  id: MA0028.2
CC  name: MA0028.2_perm2
CC  version: 
CC  transfac_consensus: ACCGGAAGTN
CC  name: MA0028.2_perm2
CC  matrix.nb: 6
CC  consensus.strict: GCGAgAGTAC
CC  consensus.strict.rc: GTACTCTCGC
CC  consensus.IUPAC: GCGArAGTAC
CC  consensus.IUPAC.rc: GTACTYTCGC
CC  consensus.regexp: GCGA[ag]AGTAC
CC  consensus.regexp.rc: GTACT[CT]TCGC
XX
//
AC  MA0028.2_perm3
XX
ID  MA0028.2_perm3
XX
DE  GCGArAGTAC
P0           A         C         G         T
1        19483      9794     25353     12604
2         1137      7833      1394     56870
3            0        31     67165        38
4         1679     63190      2039       326
5            6        59     66140      1029
6          522     66595        86        31
7        66768       340        90        36
8         3939      3084     59827       384
9        45807      2750     12959      5718
10       63678       463        83      3010
XX
CC  residue_type: 
CC  program: transfac
CC  matrix.nb: 6
CC  accession: MA0028.2_perm3
CC  AC: MA0028.2_perm3
CC  id: MA0028.2
CC  name: MA0028.2_perm3
CC  version: 
CC  transfac_consensus: ACCGGAAGTN
CC  name: MA0028.2_perm3
CC  matrix.nb: 6
CC  consensus.strict: GCGAgAGTAC
CC  consensus.strict.rc: GTACTCTCGC
CC  consensus.IUPAC: GCGArAGTAC
CC  consensus.IUPAC.rc: GTACTYTCGC
CC  consensus.regexp: GCGA[ag]AGTAC
CC  consensus.regexp.rc: GTACT[CT]TCGC
XX
//
AC  MA0028.2_perm4
XX
ID  MA0028.2_perm4
XX
DE  GCGArAGTAC
P0           A         C         G         T
1        45807      2750     12959      5718
2            6        59     66140      1029
3        63678       463        83      3010
4         3939      3084     59827       384
5        66768       340        90        36
6        19483      9794     25353     12604
7         1137      7833      1394     56870
8          522     66595        86        31
9         1679     63190      2039       326
10           0        31     67165        38
XX
CC  residue_type: 
CC  program: transfac
CC  matrix.nb: 6
CC  accession: MA0028.2_perm4
CC  AC: MA0028.2_perm4
CC  id: MA0028.2
CC  name: MA0028.2_perm4
CC  version: 
CC  transfac_consensus: ACCGGAAGTN
CC  name: MA0028.2_perm4
CC  matrix.nb: 6
CC  consensus.strict: GCGAgAGTAC
CC  consensus.strict.rc: GTACTCTCGC
CC  consensus.IUPAC: GCGArAGTAC
CC  consensus.IUPAC.rc: GTACTYTCGC
CC  consensus.regexp: GCGA[ag]AGTAC
CC  consensus.regexp.rc: GTACT[CT]TCGC
XX
//
AC  MA0028.2_perm5
XX
ID  MA0028.2_perm5
XX
DE  GCGArAGTAC
P0           A         C         G         T
1            6        59     66140      1029
2            0        31     67165        38
3         3939      3084     59827       384
4        19483      9794     25353     12604
5         1679     63190      2039       326
6          522     66595        86        31
7         1137      7833      1394     56870
8        45807      2750     12959      5718
9        63678       463        83      3010
10       66768       340        90        36
XX
CC  residue_type: 
CC  program: transfac
CC  matrix.nb: 6
CC  accession: MA0028.2_perm5
CC  AC: MA0028.2_perm5
CC  id: MA0028.2
CC  name: MA0028.2_perm5
CC  version: 
CC  transfac_consensus: ACCGGAAGTN
CC  name: MA0028.2_perm5
CC  matrix.nb: 6
CC  consensus.strict: GCGAgAGTAC
CC  consensus.strict.rc: GTACTCTCGC
CC  consensus.IUPAC: GCGArAGTAC
CC  consensus.IUPAC.rc: GTACTYTCGC
CC  consensus.regexp: GCGA[ag]AGTAC
CC  consensus.regexp.rc: GTACT[CT]TCGC
XX
//
AC  MA0032.2_perm1
XX
ID  MA0032.2_perm1
XX
DE  AyMRwwwATAA
P0           A         C         G         T
1        18907        28       443       188
2          127      9151       172     10116
3        13832      5665        22        47
4         5036       348     14129        53
5         6199      1441      1024     10902
6         6738      1714      2068      9046
7         6452       772       304     12038
8        19393       113         0        60
9         2121      1404       331     15710
10       19244        58       147       117
11       13604       691      3955      1316
XX
CC  residue_type: 
CC  program: transfac
CC  matrix.nb: 7
CC  accession: MA0032.2_perm1
CC  AC: MA0032.2_perm1
CC  id: MA0032.2
CC  name: MA0032.2_perm1
CC  version: 
CC  transfac_consensus: WAWRTMAAYAW
CC  name: MA0032.2_perm1
CC  matrix.nb: 7
CC  consensus.strict: AtAGtttATAA
CC  consensus.strict.rc: TTATAAACTAT
CC  consensus.IUPAC: AyMRwwwATAA
CC  consensus.IUPAC.rc: TTATWWWYKRT
CC  consensus.regexp: A[ct][AC][AG][at][at][at]ATAA
CC  consensus.regexp.rc: TTAT[AT][AT][AT][CT][GT][AG]T
XX
//
AC  MA0032.2_perm2
XX
ID  MA0032.2_perm2
XX
DE  AyMRwwwATAA
P0           A         C         G         T
1        19244        58       147       117
2         5036       348     14129        53
3        13832      5665        22        47
4          127      9151       172     10116
5         6738      1714      2068      9046
6        18907        28       443       188
7         2121      1404       331     15710
8         6452       772       304     12038
9        13604       691      3955      1316
10        6199      1441      1024     10902
11       19393       113         0        60
XX
CC  residue_type: 
CC  program: transfac
CC  matrix.nb: 7
CC  accession: MA0032.2_perm2
CC  AC: MA0032.2_perm2
CC  id: MA0032.2
CC  name: MA0032.2_perm2
CC  version: 
CC  transfac_consensus: WAWRTMAAYAW
CC  name: MA0032.2_perm2
CC  matrix.nb: 7
CC  consensus.strict: AtAGtttATAA
CC  consensus.strict.rc: TTATAAACTAT
CC  consensus.IUPAC: AyMRwwwATAA
CC  consensus.IUPAC.rc: TTATWWWYKRT
CC  consensus.regexp: A[ct][AC][AG][at][at][at]ATAA
CC  consensus.regexp.rc: TTAT[AT][AT][AT][CT][GT][AG]T
XX
//
AC  MA0032.2_perm3
XX
ID  MA0032.2_perm3
XX
DE  AyMRwwwATAA
P0           A         C         G         T
1         6452       772       304     12038
2         6738      1714      2068      9046
3        13604       691      3955      1316
4         5036       348     14129        53
5         2121      1404       331     15710
6        19393       113         0        60
7        18907        28       443       188
8          127      9151       172     10116
9         6199      1441      1024     10902
10       13832      5665        22        47
11       19244        58       147       117
XX
CC  residue_type: 
CC  program: transfac
CC  matrix.nb: 7
CC  accession: MA0032.2_perm3
CC  AC: MA0032.2_perm3
CC  id: MA0032.2
CC  name: MA0032.2_perm3
CC  version: 
CC  transfac_consensus: WAWRTMAAYAW
CC  name: MA0032.2_perm3
CC  matrix.nb: 7
CC  consensus.strict: AtAGtttATAA
CC  consensus.strict.rc: TTATAAACTAT
CC  consensus.IUPAC: AyMRwwwATAA
CC  consensus.IUPAC.rc: TTATWWWYKRT
CC  consensus.regexp: A[ct][AC][AG][at][at][at]ATAA
CC  consensus.regexp.rc: TTAT[AT][AT][AT][CT][GT][AG]T
XX
//
AC  MA0032.2_perm4
XX
ID  MA0032.2_perm4
XX
DE  AyMRwwwATAA
P0           A         C         G         T
1        18907        28       443       188
2         5036       348     14129        53
3        13604       691      3955      1316
4         6738      1714      2068      9046
5         2121      1404       331     15710
6        19393       113         0        60
7         6452       772       304     12038
8         6199      1441      1024     10902
9        19244        58       147       117
10       13832      5665        22        47
11         127      9151       172     10116
XX
CC  residue_type: 
CC  program: transfac
CC  matrix.nb: 7
CC  accession: MA0032.2_perm4
CC  AC: MA0032.2_perm4
CC  id: MA0032.2
CC  name: MA0032.2_perm4
CC  version: 
CC  transfac_consensus: WAWRTMAAYAW
CC  name: MA0032.2_perm4
CC  matrix.nb: 7
CC  consensus.strict: AtAGtttATAA
CC  consensus.strict.rc: TTATAAACTAT
CC  consensus.IUPAC: AyMRwwwATAA
CC  consensus.IUPAC.rc: TTATWWWYKRT
CC  consensus.regexp: A[ct][AC][AG][at][at][at]ATAA
CC  consensus.regexp.rc: TTAT[AT][AT][AT][CT][GT][AG]T
XX
//
AC  MA0032.2_perm5
XX
ID  MA0032.2_perm5
XX
DE  AyMRwwwATAA
P0           A         C         G         T
1        13832      5665        22        47
2         6199      1441      1024     10902
3        13604       691      3955      1316
4         2121      1404       331     15710
5        18907        28       443       188
6        19393       113         0        60
7        19244        58       147       117
8         6738      1714      2068      9046
9          127      9151       172     10116
10        5036       348     14129        53
11        6452       772       304     12038
XX
CC  residue_type: 
CC  program: transfac
CC  matrix.nb: 7
CC  accession: MA0032.2_perm5
CC  AC: MA0032.2_perm5
CC  id: MA0032.2
CC  name: MA0032.2_perm5
CC  version: 
CC  transfac_consensus: WAWRTMAAYAW
CC  name: MA0032.2_perm5
CC  matrix.nb: 7
CC  consensus.strict: AtAGtttATAA
CC  consensus.strict.rc: TTATAAACTAT
CC  consensus.IUPAC: AyMRwwwATAA
CC  consensus.IUPAC.rc: TTATWWWYKRT
CC  consensus.regexp: A[ct][AC][AG][at][at][at]ATAA
CC  consensus.regexp.rc: TTAT[AT][AT][AT][CT][GT][AG]T
XX
//
AC  MA0033.2_perm1
XX
ID  MA0033.2_perm1
XX
DE  ArAAACT
P0           A         C         G         T
1         4315       567        51         0
2         2102        13      2678       140
3         4861        55         0        17
4         4879        39         0        15
5         4801        82        50         0
6            0      3842         0      1091
7            9       394         0      4530
XX
CC  residue_type: 
CC  program: transfac
CC  matrix.nb: 8
CC  accession: MA0033.2_perm1
CC  AC: MA0033.2_perm1
CC  id: MA0033.2
CC  name: MA0033.2_perm1
CC  version: 
CC  transfac_consensus: RTAAACA
CC  name: MA0033.2_perm1
CC  matrix.nb: 8
CC  consensus.strict: AgAAACT
CC  consensus.strict.rc: AGTTTCT
CC  consensus.IUPAC: ArAAACT
CC  consensus.IUPAC.rc: AGTTTYT
CC  consensus.regexp: A[ag]AAACT
CC  consensus.regexp.rc: AGTTT[CT]T
XX
//
AC  MA0033.2_perm2
XX
ID  MA0033.2_perm2
XX
DE  ArAAACT
P0           A         C         G         T
1            9       394         0      4530
2         4879        39         0        15
