AC  MA0002.2_perm1
XX
ID  MA0002.2_perm1
XX
DE  TGtGGkTttwy
P0           A         C         G         T
1           57         0         7      1936
2            0         0      1987        13
3          234       485       467       814
4            0        75      1872        53
5           17        42      1848        93
6          287       496       696       521
7           87       127        70      1716
8           10       400       251      1339
9          131       463        81      1325
10         500       158       289      1053
11         123      1072       149       656
XX
CC  residue_type: 
CC  program: transfac
CC  matrix.nb: 1
CC  accession: MA0002.2_perm1
CC  AC: MA0002.2_perm1
CC  id: MA0002.2
CC  name: MA0002.2_perm1
CC  version: 
CC  transfac_consensus: NNYTGTGGTTT
CC  name: MA0002.2_perm1
CC  matrix.nb: 1
CC  consensus.strict: TGtGGgTtttc
CC  consensus.strict.rc: GAAAACCCACA
CC  consensus.IUPAC: TGtGGkTttwy
CC  consensus.IUPAC.rc: RWAAAMCCACA
CC  consensus.regexp: TGtGG[gt]Ttt[at][ct]
CC  consensus.regexp.rc: [AG][AT]AAA[AC]CCACA
XX
//
AC  MA0002.2_perm2
XX
ID  MA0002.2_perm2
XX
DE  TGtGGkTttwy
P0           A         C         G         T
1           57         0         7      1936
2          287       496       696       521
3           10       400       251      1339
4           17        42      1848        93
5            0         0      1987        13
6          500       158       289      1053
7           87       127        70      1716
8          131       463        81      1325
9            0        75      1872        53
10         123      1072       149       656
11         234       485       467       814
XX
CC  residue_type: 
CC  program: transfac
CC  matrix.nb: 1
CC  accession: MA0002.2_perm2
CC  AC: MA0002.2_perm2
CC  id: MA0002.2
CC  name: MA0002.2_perm2
CC  version: 
CC  transfac_consensus: NNYTGTGGTTT
CC  name: MA0002.2_perm2
CC  matrix.nb: 1
CC  consensus.strict: TGtGGgTtttc
CC  consensus.strict.rc: GAAAACCCACA
CC  consensus.IUPAC: TGtGGkTttwy
CC  consensus.IUPAC.rc: RWAAAMCCACA
CC  consensus.regexp: TGtGG[gt]Ttt[at][ct]
CC  consensus.regexp.rc: [AG][AT]AAA[AC]CCACA
XX
//
AC  MA0002.2_perm3
XX
ID  MA0002.2_perm3
XX
DE  TGtGGkTttwy
P0           A         C         G         T
1            0         0      1987        13
2          234       485       467       814
3          131       463        81      1325
4           17        42      1848        93
5          500       158       289      1053
6          123      1072       149       656
7            0        75      1872        53
8          287       496       696       521
9           87       127        70      1716
10          10       400       251      1339
11          57         0         7      1936
XX
CC  residue_type: 
CC  program: transfac
CC  matrix.nb: 1
CC  accession: MA0002.2_perm3
CC  AC: MA0002.2_perm3
CC  id: MA0002.2
CC  name: MA0002.2_perm3
CC  version: 
CC  transfac_consensus: NNYTGTGGTTT
CC  name: MA0002.2_perm3
CC  matrix.nb: 1
CC  consensus.strict: TGtGGgTtttc
CC  consensus.strict.rc: GAAAACCCACA
CC  consensus.IUPAC: TGtGGkTttwy
CC  consensus.IUPAC.rc: RWAAAMCCACA
CC  consensus.regexp: TGtGG[gt]Ttt[at][ct]
CC  consensus.regexp.rc: [AG][AT]AAA[AC]CCACA
XX
//
AC  MA0002.2_perm4
XX
ID  MA0002.2_perm4
XX
DE  TGtGGkTttwy
P0           A         C         G         T
1          500       158       289      1053
2           57         0         7      1936
3            0        75      1872        53
4          287       496       696       521
5           17        42      1848        93
6          234       485       467       814
7            0         0      1987        13
8           10       400       251      1339
9          131       463        81      1325
10         123      1072       149       656
11          87       127        70      1716
XX
CC  residue_type: 
CC  program: transfac
CC  matrix.nb: 1
CC  accession: MA0002.2_perm4
CC  AC: MA0002.2_perm4
CC  id: MA0002.2
CC  name: MA0002.2_perm4
CC  version: 
CC  transfac_consensus: NNYTGTGGTTT
CC  name: MA0002.2_perm4
CC  matrix.nb: 1
CC  consensus.strict: TGtGGgTtttc
CC  consensus.strict.rc: GAAAACCCACA
CC  consensus.IUPAC: TGtGGkTttwy
CC  consensus.IUPAC.rc: RWAAAMCCACA
CC  consensus.regexp: TGtGG[gt]Ttt[at][ct]
CC  consensus.regexp.rc: [AG][AT]AAA[AC]CCACA
XX
//
AC  MA0002.2_perm5
XX
ID  MA0002.2_perm5
XX
DE  TGtGGkTttwy
P0           A         C         G         T
1          234       485       467       814
2            0         0      1987        13
3           57         0         7      1936
4           87       127        70      1716
5           17        42      1848        93
6          500       158       289      1053
7          131       463        81      1325
8          123      1072       149       656
9           10       400       251      1339
10         287       496       696       521
11           0        75      1872        53
XX
CC  residue_type: 
CC  program: transfac
CC  matrix.nb: 1
CC  accession: MA0002.2_perm5
CC  AC: MA0002.2_perm5
CC  id: MA0002.2
CC  name: MA0002.2_perm5
CC  version: 
CC  transfac_consensus: NNYTGTGGTTT
CC  name: MA0002.2_perm5
CC  matrix.nb: 1
CC  consensus.strict: TGtGGgTtttc
CC  consensus.strict.rc: GAAAACCCACA
CC  consensus.IUPAC: TGtGGkTttwy
CC  consensus.IUPAC.rc: RWAAAMCCACA
CC  consensus.regexp: TGtGG[gt]Ttt[at][ct]
CC  consensus.regexp.rc: [AG][AT]AAA[AC]CCACA
XX
//
AC  MA0009.2_perm1
XX
ID  MA0009.2_perm1
XX
DE  RAGCATCTGmAcgyTG
P0           A         C         G         T
1         4934        71      1830       281
2         6885        20       183        28
3          559       113      6137       307
4            0      7113         0         3
5         5705       166       673       572
6            0       194        13      6909
7          266      6227       135       488
8           52       156        22      6886
9           11         0      7105         0
10        1856      3956      1094       210
11        6880         0       236         0
12        1767      3428      1293       628
13         642      1207      3507      1760
14         403      1881        55      4777
15         559       543       190      5824
16         257       853      4864      1142
XX
CC  residue_type: 
CC  program: transfac
CC  matrix.nb: 2
CC  accession: MA0009.2_perm1
CC  AC: MA0009.2_perm1
CC  id: MA0009.2
CC  name: MA0009.2_perm1
CC  version: 
CC  transfac_consensus: TMRCACNTANGTGYGA
CC  name: MA0009.2_perm1
CC  matrix.nb: 2
CC  consensus.strict: AAGCATCTGcAcgtTG
CC  consensus.strict.rc: CAACGTGCAGATGCTT
CC  consensus.IUPAC: RAGCATCTGmAcgyTG
CC  consensus.IUPAC.rc: CARCGTKCAGATGCTY
CC  consensus.regexp: [AG]AGCATCTG[ac]Acg[ct]TG
CC  consensus.regexp.rc: CA[AG]CGT[GT]CAGATGCT[CT]
XX
//
AC  MA0009.2_perm2
XX
ID  MA0009.2_perm2
XX
DE  RAGCATCTGmAcgyTG
P0           A         C         G         T
1         6885        20       183        28
2         6880         0       236         0
3           52       156        22      6886
4          257       853      4864      1142
5         4934        71      1830       281
6          266      6227       135       488
7           11         0      7105         0
8          642      1207      3507      1760
9         1767      3428      1293       628
10        1856      3956      1094       210
11         559       113      6137       307
12         559       543       190      5824
13        5705       166       673       572
14           0       194        13      6909
15           0      7113         0         3
16         403      1881        55      4777
XX
CC  residue_type: 
CC  program: transfac
CC  matrix.nb: 2
CC  accession: MA0009.2_perm2
CC  AC: MA0009.2_perm2
CC  id: MA0009.2
CC  name: MA0009.2_perm2
CC  version: 
CC  transfac_consensus: TMRCACNTANGTGYGA
CC  name: MA0009.2_perm2
CC  matrix.nb: 2
CC  consensus.strict: AAGCATCTGcAcgtTG
CC  consensus.strict.rc: CAACGTGCAGATGCTT
CC  consensus.IUPAC: RAGCATCTGmAcgyTG
CC  consensus.IUPAC.rc: CARCGTKCAGATGCTY
CC  consensus.regexp: [AG]AGCATCTG[ac]Acg[ct]TG
CC  consensus.regexp.rc: CA[AG]CGT[GT]CAGATGCT[CT]
XX
//
AC  MA0009.2_perm3
XX
ID  MA0009.2_perm3
XX
DE  RAGCATCTGmAcgyTG
P0           A         C         G         T
1          642      1207      3507      1760
2           11         0      7105         0
3         1767      3428      1293       628
4          559       543       190      5824
5            0      7113         0         3
6          266      6227       135       488
7          257       853      4864      1142
8           52       156        22      6886
9         6880         0       236         0
10        1856      3956      1094       210
11         559       113      6137       307
12         403      1881        55      4777
13           0       194        13      6909
14        4934        71      1830       281
15        5705       166       673       572
16        6885        20       183        28
XX
CC  residue_type: 
CC  program: transfac
CC  matrix.nb: 2
CC  accession: MA0009.2_perm3
CC  AC: MA0009.2_perm3
CC  id: MA0009.2
CC  name: MA0009.2_perm3
CC  version: 
CC  transfac_consensus: TMRCACNTANGTGYGA
CC  name: MA0009.2_perm3
CC  matrix.nb: 2
CC  consensus.strict: AAGCATCTGcAcgtTG
CC  consensus.strict.rc: CAACGTGCAGATGCTT
CC  consensus.IUPAC: RAGCATCTGmAcgyTG
CC  consensus.IUPAC.rc: CARCGTKCAGATGCTY
CC  consensus.regexp: [AG]AGCATCTG[ac]Acg[ct]TG
CC  consensus.regexp.rc: CA[AG]CGT[GT]CAGATGCT[CT]
XX
//
AC  MA0009.2_perm4
XX
ID  MA0009.2_perm4
XX
DE  RAGCATCTGmAcgyTG
P0           A         C         G         T
1         1856      3956      1094       210
2         5705       166       673       572
3          559       543       190      5824
4          559       113      6137       307
5         4934        71      1830       281
6         6885        20       183        28
7          257       853      4864      1142
8            0       194        13      6909
9         6880         0       236         0
10          52       156        22      6886
11         266      6227       135       488
12          11         0      7105         0
13         642      1207      3507      1760
14         403      1881        55      4777
15        1767      3428      1293       628
16           0      7113         0         3
XX
CC  residue_type: 
CC  program: transfac
CC  matrix.nb: 2
CC  accession: MA0009.2_perm4
CC  AC: MA0009.2_perm4
CC  id: MA0009.2
CC  name: MA0009.2_perm4
CC  version: 
CC  transfac_consensus: TMRCACNTANGTGYGA
CC  name: MA0009.2_perm4
CC  matrix.nb: 2
CC  consensus.strict: AAGCATCTGcAcgtTG
CC  consensus.strict.rc: CAACGTGCAGATGCTT
CC  consensus.IUPAC: RAGCATCTGmAcgyTG
CC  consensus.IUPAC.rc: CARCGTKCAGATGCTY
CC  consensus.regexp: [AG]AGCATCTG[ac]Acg[ct]TG
CC  consensus.regexp.rc: CA[AG]CGT[GT]CAGATGCT[CT]
XX
//
AC  MA0009.2_perm5
XX
ID  MA0009.2_perm5
XX
DE  RAGCATCTGmAcgyTG
P0           A         C         G         T
1          642      1207      3507      1760
2          266      6227       135       488
3         1767      3428      1293       628
4            0      7113         0         3
5         6885        20       183        28
6         1856      3956      1094       210
7           11         0      7105         0
8         6880         0       236         0
9          559       543       190      5824
10         559       113      6137       307
11         403      1881        55      4777
12        4934        71      1830       281
13          52       156        22      6886
14        5705       166       673       572
15         257       853      4864      1142
16           0       194        13      6909
XX
CC  residue_type: 
CC  program: transfac
CC  matrix.nb: 2
CC  accession: MA0009.2_perm5
CC  AC: MA0009.2_perm5
CC  id: MA0009.2
CC  name: MA0009.2_perm5
CC  version: 
CC  transfac_consensus: TMRCACNTANGTGYGA
CC  name: MA0009.2_perm5
CC  matrix.nb: 2
CC  consensus.strict: AAGCATCTGcAcgtTG
CC  consensus.strict.rc: CAACGTGCAGATGCTT
CC  consensus.IUPAC: RAGCATCTGmAcgyTG
CC  consensus.IUPAC.rc: CARCGTKCAGATGCTY
CC  consensus.regexp: [AG]AGCATCTG[ac]Acg[ct]TG
CC  consensus.regexp.rc: CA[AG]CGT[GT]CAGATGCT[CT]
XX
//
AC  MA0017.2_perm1
XX
ID  MA0017.2_perm1
XX
DE  GAGTrrrcGCaRm
P0           A         C         G         T
1            0        58     23446         0
2        23328         0       176         0
3         2729      1399     17711      1665
4            0         0         0     23504
5         6385      4814      7575      4730
6        12345       754      9491       914
7         6294      5781      8566      2863
8         4802     11446      3276      3980
9            0         0     23504         0
10           0     23504         0         0
11       14162      3298      2247      3797
12       16252         0      7252         0
13        9972      5954      3154      4424
XX
CC  residue_type: 
CC  program: transfac
CC  matrix.nb: 3
CC  accession: MA0017.2_perm1
CC  AC: MA0017.2_perm1
CC  id: MA0017.2
CC  name: MA0017.2_perm1
CC  version: 
CC  transfac_consensus: NARRGGTCANNNG
CC  name: MA0017.2_perm1
CC  matrix.nb: 3
CC  consensus.strict: GAGTgagcGCaAa
CC  consensus.strict.rc: TTTGCGCTCACTC
CC  consensus.IUPAC: GAGTrrrcGCaRm
CC  consensus.IUPAC.rc: KYTGCGYYYACTC
CC  consensus.regexp: GAGT[ag][ag][ag]cGCa[AG][ac]
CC  consensus.regexp.rc: [GT][CT]TGCG[CT][CT][CT]ACTC
XX
//
AC  MA0017.2_perm2
XX
ID  MA0017.2_perm2
XX
DE  GAGTrrrcGCaRm
P0           A         C         G         T
1         2729      1399     17711      1665
2        16252         0      7252         0
3            0        58     23446         0
4            0     23504         0         0
5            0         0         0     23504
6            0         0     23504         0
7        12345       754      9491       914
8         4802     11446      3276      3980
9         6294      5781      8566      2863
10       14162      3298      2247      3797
11        9972      5954      3154      4424
12        6385      4814      7575      4730
13       23328         0       176         0
XX
CC  residue_type: 
CC  program: transfac
CC  matrix.nb: 3
CC  accession: MA0017.2_perm2
CC  AC: MA0017.2_perm2
CC  id: MA0017.2
CC  name: MA0017.2_perm2
CC  version: 
CC  transfac_consensus: NARRGGTCANNNG
CC  name: MA0017.2_perm2
CC  matrix.nb: 3
CC  consensus.strict: GAGTgagcGCaAa
CC  consensus.strict.rc: TTTGCGCTCACTC
CC  consensus.IUPAC: GAGTrrrcGCaRm
CC  consensus.IUPAC.rc: KYTGCGYYYACTC
CC  consensus.regexp: GAGT[ag][ag][ag]cGCa[AG][ac]
CC  consensus.regexp.rc: [GT][CT]TGCG[CT][CT][CT]ACTC
XX
//
AC  MA0017.2_perm3
XX
ID  MA0017.2_perm3
XX
DE  GAGTrrrcGCaRm
P0           A         C         G         T
1        23328         0       176         0
2        12345       754      9491       914
3        16252         0      7252         0
4         9972      5954      3154      4424
5            0        58     23446         0
6         6294      5781      8566      2863
7            0         0     23504         0
8            0         0         0     23504
9        14162      3298      2247      3797
10        6385      4814      7575      4730
11           0     23504         0         0
12        2729      1399     17711      1665
13        4802     11446      3276      3980
XX
CC  residue_type: 
CC  program: transfac
CC  matrix.nb: 3
CC  accession: MA0017.2_perm3
CC  AC: MA0017.2_perm3
CC  id: MA0017.2
CC  name: MA0017.2_perm3
CC  version: 
CC  transfac_consensus: NARRGGTCANNNG
CC  name: MA0017.2_perm3
CC  matrix.nb: 3
CC  consensus.strict: GAGTgagcGCaAa
CC  consensus.strict.rc: TTTGCGCTCACTC
CC  consensus.IUPAC: GAGTrrrcGCaRm
CC  consensus.IUPAC.rc: KYTGCGYYYACTC
CC  consensus.regexp: GAGT[ag][ag][ag]cGCa[AG][ac]
CC  consensus.regexp.rc: [GT][CT]TGCG[CT][CT][CT]ACTC
XX
//
AC  MA0017.2_perm4
XX
ID  MA0017.2_perm4
XX
DE  GAGTrrrcGCaRm
P0           A         C         G         T
1        23328         0       176         0
2        14162      3298      2247      3797
3         4802     11446      3276      3980
4            0     23504         0         0
5         6385      4814      7575      4730
6        12345       754      9491       914
7        16252         0      7252         0
8         9972      5954      3154      4424
9         2729      1399     17711      1665
10           0         0         0     23504
11        6294      5781      8566      2863
12           0        58     23446         0
13           0         0     23504         0
XX
CC  residue_type: 
CC  program: transfac
CC  matrix.nb: 3
CC  accession: MA0017.2_perm4
CC  AC: MA0017.2_perm4
CC  id: MA0017.2
CC  name: MA0017.2_perm4
CC  version: 
CC  transfac_consensus: NARRGGTCANNNG
CC  name: MA0017.2_perm4
CC  matrix.nb: 3
CC  consensus.strict: GAGTgagcGCaAa
CC  consensus.strict.rc: TTTGCGCTCACTC
CC  consensus.IUPAC: GAGTrrrcGCaRm
CC  consensus.IUPAC.rc: KYTGCGYYYACTC
CC  consensus.regexp: GAGT[ag][ag][ag]cGCa[AG][ac]
CC  consensus.regexp.rc: [GT][CT]TGCG[CT][CT][CT]ACTC
XX
//
AC  MA0017.2_perm5
XX
ID  MA0017.2_perm5
XX
DE  GAGTrrrcGCaRm
P0           A         C         G         T
1            0        58     23446         0
2         6294      5781      8566      2863
3        16252         0      7252         0
4            0         0         0     23504
5         4802     11446      3276      3980
6        14162      3298      2247      3797
7            0     23504         0         0
8        23328         0       176         0
9         2729      1399     17711      1665
10        6385      4814      7575      4730
11       12345       754      9491       914
12           0         0     23504         0
13        9972      5954      3154      4424
XX
CC  residue_type: 
CC  program: transfac
CC  matrix.nb: 3
CC  accession: MA0017.2_perm5
CC  AC: MA0017.2_perm5
CC  id: MA0017.2
CC  name: MA0017.2_perm5
CC  version: 
CC  transfac_consensus: NARRGGTCANNNG
CC  name: MA0017.2_perm5
CC  matrix.nb: 3
CC  consensus.strict: GAGTgagcGCaAa
CC  consensus.strict.rc: TTTGCGCTCACTC
CC  consensus.IUPAC: GAGTrrrcGCaRm
CC  consensus.IUPAC.rc: KYTGCGYYYACTC
CC  consensus.regexp: GAGT[ag][ag][ag]cGCa[AG][ac]
CC  consensus.regexp.rc: [GT][CT]TGCG[CT][CT][CT]ACTC
XX
//
AC  MA0024.3_perm1
XX
ID  MA0024.3_perm1
XX
DE  GaatCCGGttaC
P0           A         C         G         T
1            0        33       990         0
2          642       210        25       146
3          629        99        71       224
4          241        46       100       636
5            3       991        29         0
6            0       877        70        76
7           54        72       896         1
8            0         1      1022         0
9          209        36       146       632
10         254       115        89       565
11         571        68       130       254
12           0      1020         0         3
XX
CC  residue_type: 
CC  program: transfac
CC  matrix.nb: 4
CC  accession: MA0024.3_perm1
CC  AC: MA0024.3_perm1
CC  id: MA0024.3
CC  name: MA0024.3_perm1
CC  version: 
CC  transfac_consensus: TTTGGCGCCAAA
CC  name: MA0024.3_perm1
CC  matrix.nb: 4
CC  consensus.strict: GaatCCGGttaC
CC  consensus.strict.rc: GTAACCGGATTC
CC  consensus.IUPAC: GaatCCGGttaC
CC  consensus.IUPAC.rc: GTAACCGGATTC
CC  consensus.regexp: GaatCCGGttaC
CC  consensus.regexp.rc: GTAACCGGATTC
XX
//
AC  MA0024.3_perm2
XX
ID  MA0024.3_perm2
XX
DE  GaatCCGGttaC
P0           A         C         G         T
1           54        72       896         1
2            0         1      1022         0
3          571        68       130       254
4            0       877        70        76
5          254       115        89       565
6            3       991        29         0
7          642       210        25       146
8            0      1020         0         3
9          209        36       146       632
10         629        99        71       224
11         241        46       100       636
12           0        33       990         0
XX
CC  residue_type: 
CC  program: transfac
CC  matrix.nb: 4
CC  accession: MA0024.3_perm2
CC  AC: MA0024.3_perm2
CC  id: MA0024.3
CC  name: MA0024.3_perm2
CC  version: 
CC  transfac_consensus: TTTGGCGCCAAA
CC  name: MA0024.3_perm2
CC  matrix.nb: 4
CC  consensus.strict: GaatCCGGttaC
CC  consensus.strict.rc: GTAACCGGATTC
CC  consensus.IUPAC: GaatCCGGttaC
CC  consensus.IUPAC.rc: GTAACCGGATTC
CC  consensus.regexp: GaatCCGGttaC
CC  consensus.regexp.rc: GTAACCGGATTC
XX
//
AC  MA0024.3_perm3
XX
ID  MA0024.3_perm3
XX
DE  GaatCCGGttaC
P0           A         C         G         T
1          642       210        25       146
2            0       877        70        76
3          629        99        71       224
4            0        33       990         0
5           54        72       896         1
6          254       115        89       565
7            0         1      1022         0
8          209        36       146       632
9            0      1020         0         3
10         241        46       100       636
11         571        68       130       254
12           3       991        29         0
XX
CC  residue_type: 
CC  program: transfac
CC  matrix.nb: 4
CC  accession: MA0024.3_perm3
CC  AC: MA0024.3_perm3
CC  id: MA0024.3
CC  name: MA0024.3_perm3
CC  version: 
CC  transfac_consensus: TTTGGCGCCAAA
CC  name: MA0024.3_perm3
CC  matrix.nb: 4
CC  consensus.strict: GaatCCGGttaC
CC  consensus.strict.rc: GTAACCGGATTC
CC  consensus.IUPAC: GaatCCGGttaC
CC  consensus.IUPAC.rc: GTAACCGGATTC
CC  consensus.regexp: GaatCCGGttaC
CC  consensus.regexp.rc: GTAACCGGATTC
XX
//
AC  MA0024.3_perm4
XX
ID  MA0024.3_perm4
XX
DE  GaatCCGGttaC
P0           A         C         G         T
1          241        46       100       636
2           54        72       896         1
3            0      1020         0         3
4          209        36       146       632
5          629        99        71       224
6            0        33       990         0
7          642       210        25       146
8            3       991        29         0
9            0       877        70        76
10           0         1      1022         0
11         571        68       130       254
12         254       115        89       565
XX
CC  residue_type: 
CC  program: transfac
CC  matrix.nb: 4
CC  accession: MA0024.3_perm4
CC  AC: MA0024.3_perm4
CC  id: MA0024.3
CC  name: MA0024.3_perm4
CC  version: 
CC  transfac_consensus: TTTGGCGCCAAA
CC  name: MA0024.3_perm4
CC  matrix.nb: 4
CC  consensus.strict: GaatCCGGttaC
CC  consensus.strict.rc: GTAACCGGATTC
CC  consensus.IUPAC: GaatCCGGttaC
CC  consensus.IUPAC.rc: GTAACCGGATTC
CC  consensus.regexp: GaatCCGGttaC
CC  consensus.regexp.rc: GTAACCGGATTC
XX
//
AC  MA0024.3_perm5
XX
ID  MA0024.3_perm5
XX
DE  GaatCCGGttaC
P0           A         C         G         T
1            0        33       990         0
2          571        68       130       254
3          254       115        89       565
4            0         1      1022         0
5          642       210        25       146
6           54        72       896         1
7          629        99        71       224
8          241        46       100       636
9            0      1020         0         3
10           3       991        29         0
11           0       877        70        76
12         209        36       146       632
XX
CC  residue_type: 
CC  program: transfac
CC  matrix.nb: 4
CC  accession: MA0024.3_perm5
CC  AC: MA0024.3_perm5
CC  id: MA0024.3
CC  name: MA0024.3_perm5
CC  version: 
CC  transfac_consensus: TTTGGCGCCAAA
CC  name: MA0024.3_perm5
CC  matrix.nb: 4
CC  consensus.strict: GaatCCGGttaC
CC  consensus.strict.rc: GTAACCGGATTC
CC  consensus.IUPAC: GaatCCGGttaC
CC  consensus.IUPAC.rc: GTAACCGGATTC
CC  consensus.regexp: GaatCCGGttaC
CC  consensus.regexp.rc: GTAACCGGATTC
XX
//
AC  MA0027.2_perm1
XX
ID  MA0027.2_perm1
XX
DE  TgTAsAAy
P0           A         C         G         T
1           46       389       130      2326
2          689       683      1217       302
3            0         0         0      2891
4         2738         0        28       125
5          427      1174       765       525
6         2730        94        67         0
7         2863        28         0         0
8          100      1280         5      1506
XX
CC  residue_type: 
CC  program: transfac
CC  matrix.nb: 5
CC  accession: MA0027.2_perm1
CC  AC: MA0027.2_perm1
CC  id: MA0027.2
CC  name: MA0027.2_perm1
CC  version: 
CC  transfac_consensus: NYAATTAN
CC  name: MA0027.2_perm1
CC  matrix.nb: 5
CC  consensus.strict: TgTAcAAt
CC  consensus.strict.rc: ATTGTACA
CC  consensus.IUPAC: TgTAsAAy
CC  consensus.IUPAC.rc: RTTSTACA
CC  consensus.regexp: TgTA[cg]AA[ct]
CC  consensus.regexp.rc: [AG]TT[CG]TACA
XX
//
AC  MA0027.2_perm2
XX
ID  MA0027.2_perm2
XX
DE  TgTAsAAy
P0           A         C         G         T
1         2863        28         0         0
2          689       683      1217       302
3          100      1280         5      1506
4           46       389       130      2326
5            0         0         0      2891
6          427      1174       765       525
7         2738         0        28       125
8         2730        94        67         0
XX
CC  residue_type: 
CC  program: transfac
CC  matrix.nb: 5
CC  accession: MA0027.2_perm2
CC  AC: MA0027.2_perm2
CC  id: MA0027.2
CC  name: MA0027.2_perm2
CC  version: 
CC  transfac_consensus: NYAATTAN
CC  name: MA0027.2_perm2
CC  matrix.nb: 5
CC  consensus.strict: TgTAcAAt
CC  consensus.strict.rc: ATTGTACA
CC  consensus.IUPAC: TgTAsAAy
CC  consensus.IUPAC.rc: RTTSTACA
CC  consensus.regexp: TgTA[cg]AA[ct]
CC  consensus.regexp.rc: [AG]TT[CG]TACA
XX
//
AC  MA0027.2_perm3
XX
ID  MA0027.2_perm3
XX
DE  TgTAsAAy
P0           A         C         G         T
1          689       683      1217       302
2         2730        94        67         0
3          427      1174       765       525
4           46       389       130      2326
5          100      1280         5      1506
6            0         0         0      2891
7         2863        28         0         0
8         2738         0        28       125
XX
CC  residue_type: 
CC  program: transfac
CC  matrix.nb: 5
CC  accession: MA0027.2_perm3
CC  AC: MA0027.2_perm3
CC  id: MA0027.2
CC  name: MA0027.2_perm3
CC  version: 
CC  transfac_consensus: NYAATTAN
CC  name: MA0027.2_perm3
CC  matrix.nb: 5
CC  consensus.strict: TgTAcAAt
CC  consensus.strict.rc: ATTGTACA
CC  consensus.IUPAC: TgTAsAAy
CC  consensus.IUPAC.rc: RTTSTACA
CC  consensus.regexp: TgTA[cg]AA[ct]
CC  consensus.regexp.rc: [AG]TT[CG]TACA
XX
//
AC  MA0027.2_perm4
XX
ID  MA0027.2_perm4
XX
DE  TgTAsAAy
P0           A         C         G         T
1          100      1280         5      1506
2           46       389       130      2326
3         2738         0        28       125
4         2730        94        67         0
5         2863        28         0         0
6          689       683      1217       302
7          427      1174       765       525
8            0         0         0      2891
XX
CC  residue_type: 
CC  program: transfac
CC  matrix.nb: 5
CC  accession: MA0027.2_perm4
CC  AC: MA0027.2_perm4
CC  id: MA0027.2
CC  name: MA0027.2_perm4
CC  version: 
CC  transfac_consensus: NYAATTAN
CC  name: MA0027.2_perm4
CC  matrix.nb: 5
CC  consensus.strict: TgTAcAAt
CC  consensus.strict.rc: ATTGTACA
CC  consensus.IUPAC: TgTAsAAy
CC  consensus.IUPAC.rc: RTTSTACA
CC  consensus.regexp: TgTA[cg]AA[ct]
CC  consensus.regexp.rc: [AG]TT[CG]TACA
XX
//
AC  MA0027.2_perm5
XX
ID  MA0027.2_perm5
XX
DE  TgTAsAAy
P0           A         C         G         T
1           46       389       130      2326
2          689       683      1217       302
3         2863        28         0         0
4         2730        94        67         0
5          100      1280         5      1506
6            0         0         0      2891
7          427      1174       765       525
8         2738         0        28       125
XX
CC  residue_type: 
CC  program: transfac
CC  matrix.nb: 5
CC  accession: MA0027.2_perm5
CC  AC: MA0027.2_perm5
CC  id: MA0027.2
CC  name: MA0027.2_perm5
CC  version: 
CC  transfac_consensus: NYAATTAN
CC  name: MA0027.2_perm5
CC  matrix.nb: 5
CC  consensus.strict: TgTAcAAt
CC  consensus.strict.rc: ATTGTACA
CC  consensus.IUPAC: TgTAsAAy
CC  consensus.IUPAC.rc: RTTSTACA
CC  consensus.regexp: TgTA[cg]AA[ct]
CC  consensus.regexp.rc: [AG]TT[CG]TACA
XX
//
AC  MA0028.2_perm1
XX
ID  MA0028.2_perm1
XX
DE  CrCGATGAGA
P0           A         C         G         T
1          522     66595        86        31
2        19483      9794     25353     12604
3         1679     63190      2039       326
4         3939      3084     59827       384
5        66768       340        90        36
6         1137      7833      1394     56870
7            0        31     67165        38
8        45807      2750     12959      5718
9            6        59     66140      1029
10       63678       463        83      3010
XX
CC  residue_type: 
CC  program: transfac
CC  matrix.nb: 6
CC  accession: MA0028.2_perm1
CC  AC: MA0028.2_perm1
CC  id: MA0028.2
CC  name: MA0028.2_perm1
CC  version: 
CC  transfac_consensus: ACCGGAAGTN
CC  name: MA0028.2_perm1
CC  matrix.nb: 6
CC  consensus.strict: CgCGATGAGA
CC  consensus.strict.rc: TCTCATCGCG
CC  consensus.IUPAC: CrCGATGAGA
CC  consensus.IUPAC.rc: TCTCATCGYG
CC  consensus.regexp: C[ag]CGATGAGA
CC  consensus.regexp.rc: TCTCATCG[CT]G
XX
//
AC  MA0028.2_perm2
XX
ID  MA0028.2_perm2
XX
DE  CrCGATGAGA
P0           A         C         G         T
1          522     66595        86        31
2         1679     63190      2039       326
3        66768       340        90        36
4            6        59     66140      1029
5        19483      9794     25353     12604
6         3939      3084     59827       384
7        45807      2750     12959      5718
8         1137      7833      1394     56870
9            0        31     67165        38
10       63678       463        83      3010
XX
CC  residue_type: 
CC  program: transfac
CC  matrix.nb: 6
CC  accession: MA0028.2_perm2
CC  AC: MA0028.2_perm2
CC  id: MA0028.2
CC  name: MA0028.2_perm2
CC  version: 
CC  transfac_consensus: ACCGGAAGTN
CC  name: MA0028.2_perm2
CC  matrix.nb: 6
CC  consensus.strict: CgCGATGAGA
CC  consensus.strict.rc: TCTCATCGCG
CC  consensus.IUPAC: CrCGATGAGA
CC  consensus.IUPAC.rc: TCTCATCGYG
CC  consensus.regexp: C[ag]CGATGAGA
CC  consensus.regexp.rc: TCTCATCG[CT]G
XX
//
AC  MA0028.2_perm3
XX
ID  MA0028.2_perm3
XX
DE  CrCGATGAGA
P0           A         C         G         T
1            0        31     67165        38
2         1679     63190      2039       326
3          522     66595        86        31
4        66768       340        90        36
5        45807      2750     12959      5718
6        19483      9794     25353     12604
7            6        59     66140      1029
8        63678       463        83      3010
9         1137      7833      1394     56870
10        3939      3084     59827       384
XX
CC  residue_type: 
CC  program: transfac
CC  matrix.nb: 6
CC  accession: MA0028.2_perm3
CC  AC: MA0028.2_perm3
CC  id: MA0028.2
CC  name: MA0028.2_perm3
CC  version: 
CC  transfac_consensus: ACCGGAAGTN
CC  name: MA0028.2_perm3
CC  matrix.nb: 6
CC  consensus.strict: CgCGATGAGA
CC  consensus.strict.rc: TCTCATCGCG
CC  consensus.IUPAC: CrCGATGAGA
CC  consensus.IUPAC.rc: TCTCATCGYG
CC  consensus.regexp: C[ag]CGATGAGA
CC  consensus.regexp.rc: TCTCATCG[CT]G
XX
//
AC  MA0028.2_perm4
XX
ID  MA0028.2_perm4
XX
DE  CrCGATGAGA
P0           A         C         G         T
1         1137      7833      1394     56870
2        66768       340        90        36
3         3939      3084     59827       384
4        45807      2750     12959      5718
5            0        31     67165        38
6        63678       463        83      3010
7          522     66595        86        31
8        19483      9794     25353     12604
9            6        59     66140      1029
10        1679     63190      2039       326
XX
CC  residue_type: 
CC  program: transfac
CC  matrix.nb: 6
CC  accession: MA0028.2_perm4
CC  AC: MA0028.2_perm4
CC  id: MA0028.2
CC  name: MA0028.2_perm4
CC  version: 
CC  transfac_consensus: ACCGGAAGTN
CC  name: MA0028.2_perm4
CC  matrix.nb: 6
CC  consensus.strict: CgCGATGAGA
CC  consensus.strict.rc: TCTCATCGCG
CC  consensus.IUPAC: CrCGATGAGA
CC  consensus.IUPAC.rc: TCTCATCGYG
CC  consensus.regexp: C[ag]CGATGAGA
CC  consensus.regexp.rc: TCTCATCG[CT]G
XX
//
AC  MA0028.2_perm5
XX
ID  MA0028.2_perm5
XX
DE  CrCGATGAGA
P0           A         C         G         T
1          522     66595        86        31
2            6        59     66140      1029
3            0        31     67165        38
4         3939      3084     59827       384
5        63678       463        83      3010
6         1679     63190      2039       326
7        45807      2750     12959      5718
8         1137      7833      1394     56870
9        66768       340        90        36
10       19483      9794     25353     12604
XX
CC  residue_type: 
CC  program: transfac
CC  matrix.nb: 6
CC  accession: MA0028.2_perm5
CC  AC: MA0028.2_perm5
CC  id: MA0028.2
CC  name: MA0028.2_perm5
CC  version: 
CC  transfac_consensus: ACCGGAAGTN
CC  name: MA0028.2_perm5
CC  matrix.nb: 6
CC  consensus.strict: CgCGATGAGA
CC  consensus.strict.rc: TCTCATCGCG
CC  consensus.IUPAC: CrCGATGAGA
CC  consensus.IUPAC.rc: TCTCATCGYG
CC  consensus.regexp: C[ag]CGATGAGA
CC  consensus.regexp.rc: TCTCATCG[CT]G
XX
//
AC  MA0032.2_perm1
XX
ID  MA0032.2_perm1
XX
DE  wARMAAwAwyT
P0           A         C         G         T
1         6452       772       304     12038
2        13604       691      3955      1316
3         5036       348     14129        53
4        13832      5665        22        47
5        18907        28       443       188
6        19393       113         0        60
7         6199      1441      1024     10902
8        19244        58       147       117
9         6738      1714      2068      9046
10         127      9151       172     10116
11        2121      1404       331     15710
XX
CC  residue_type: 
CC  program: transfac
CC  matrix.nb: 7
CC  accession: MA0032.2_perm1
CC  AC: MA0032.2_perm1
CC  id: MA0032.2
CC  name: MA0032.2_perm1
CC  version: 
CC  transfac_consensus: WAWRTMAAYAW
CC  name: MA0032.2_perm1
CC  matrix.nb: 7
CC  consensus.strict: tAGAAAtAttT
CC  consensus.strict.rc: AAATATTTCTA
CC  consensus.IUPAC: wARMAAwAwyT
CC  consensus.IUPAC.rc: ARWTWTTKYTW
CC  consensus.regexp: [at]A[AG][AC]AA[at]A[at][ct]T
CC  consensus.regexp.rc: A[AG][AT]T[AT]TT[GT][CT]T[AT]
XX
//
AC  MA0032.2_perm2
XX
ID  MA0032.2_perm2
XX
DE  wARMAAwAwyT
P0           A         C         G         T
1         6452       772       304     12038
2         2121      1404       331     15710
3         6199      1441      1024     10902
4         6738      1714      2068      9046
5         5036       348     14129        53
6        18907        28       443       188
7        19244        58       147       117
8        13832      5665        22        47
9        19393       113         0        60
10       13604       691      3955      1316
11         127      9151       172     10116
XX
CC  residue_type: 
CC  program: transfac
CC  matrix.nb: 7
CC  accession: MA0032.2_perm2
CC  AC: MA0032.2_perm2
CC  id: MA0032.2
CC  name: MA0032.2_perm2
CC  version: 
CC  transfac_consensus: WAWRTMAAYAW
CC  name: MA0032.2_perm2
CC  matrix.nb: 7
CC  consensus.strict: tAGAAAtAttT
CC  consensus.strict.rc: AAATATTTCTA
CC  consensus.IUPAC: wARMAAwAwyT
CC  consensus.IUPAC.rc: ARWTWTTKYTW
CC  consensus.regexp: [at]A[AG][AC]AA[at]A[at][ct]T
CC  consensus.regexp.rc: A[AG][AT]T[AT]TT[GT][CT]T[AT]
XX
//
AC  MA0032.2_perm3
XX
ID  MA0032.2_perm3
XX
DE  wARMAAwAwyT
P0           A         C         G         T
1        19393       113         0        60
2         6199      1441      1024     10902
3        13832      5665        22        47
4        19244        58       147       117
5        13604       691      3955      1316
6         5036       348     14129        53
7         6452       772       304     12038
8        18907        28       443       188
9          127      9151       172     10116
10        6738      1714      2068      9046
11        2121      1404       331     15710
XX
CC  residue_type: 
CC  program: transfac
CC  matrix.nb: 7
CC  accession: MA0032.2_perm3
CC  AC: MA0032.2_perm3
CC  id: MA0032.2
CC  name: MA0032.2_perm3
CC  version: 
CC  transfac_consensus: WAWRTMAAYAW
CC  name: MA0032.2_perm3
CC  matrix.nb: 7
CC  consensus.strict: tAGAAAtAttT
CC  consensus.strict.rc: AAATATTTCTA
CC  consensus.IUPAC: wARMAAwAwyT
CC  consensus.IUPAC.rc: ARWTWTTKYTW
CC  consensus.regexp: [at]A[AG][AC]AA[at]A[at][ct]T
CC  consensus.regexp.rc: A[AG][AT]T[AT]TT[GT][CT]T[AT]
XX
//
AC  MA0032.2_perm4
XX
ID  MA0032.2_perm4
XX
DE  wARMAAwAwyT
P0           A         C         G         T
1         6199      1441      1024     10902
2         5036       348     14129        53
3        18907        28       443       188
4         6452       772       304     12038
5        19244        58       147       117
6          127      9151       172     10116
7        13604       691      3955      1316
8        19393       113         0        60
9         6738      1714      2068      9046
10        2121      1404       331     15710
11       13832      5665        22        47
XX
CC  residue_type: 
CC  program: transfac
CC  matrix.nb: 7
CC  accession: MA0032.2_perm4
CC  AC: MA0032.2_perm4
CC  id: MA0032.2
CC  name: MA0032.2_perm4
CC  version: 
CC  transfac_consensus: WAWRTMAAYAW
CC  name: MA0032.2_perm4
CC  matrix.nb: 7
CC  consensus.strict: tAGAAAtAttT
CC  consensus.strict.rc: AAATATTTCTA
CC  consensus.IUPAC: wARMAAwAwyT
CC  consensus.IUPAC.rc: ARWTWTTKYTW
CC  consensus.regexp: [at]A[AG][AC]AA[at]A[at][ct]T
CC  consensus.regexp.rc: A[AG][AT]T[AT]TT[GT][CT]T[AT]
XX
//
AC  MA0032.2_perm5
XX
ID  MA0032.2_perm5
XX
DE  wARMAAwAwyT
P0           A         C         G         T
1         6452       772       304     12038
2         6738      1714      2068      9046
3        19393       113         0        60
4          127      9151       172     10116
5         2121      1404       331     15710
6        19244        58       147       117
7         6199      1441      1024     10902
8        13832      5665        22        47
9         5036       348     14129        53
10       18907        28       443       188
11       13604       691      3955      1316
XX
CC  residue_type: 
CC  program: transfac
CC  matrix.nb: 7
CC  accession: MA0032.2_perm5
CC  AC: MA0032.2_perm5
CC  id: MA0032.2
CC  name: MA0032.2_perm5
CC  version: 
CC  transfac_consensus: WAWRTMAAYAW
CC  name: MA0032.2_perm5
CC  matrix.nb: 7
CC  consensus.strict: tAGAAAtAttT
CC  consensus.strict.rc: AAATATTTCTA
CC  consensus.IUPAC: wARMAAwAwyT
CC  consensus.IUPAC.rc: ARWTWTTKYTW
CC  consensus.regexp: [at]A[AG][AC]AA[at]A[at][ct]T
CC  consensus.regexp.rc: A[AG][AT]T[AT]TT[GT][CT]T[AT]
XX
//
AC  MA0033.2_perm1
XX
ID  MA0033.2_perm1
XX
DE  ArACAAT
P0           A         C         G         T
1         4801        82        50         0
2         2102        13      2678       140
3         4879        39         0        15
4            0      3842         0      1091
5         4861        55         0        17
6         4315       567        51         0
7            9       394         0      4530
XX
CC  residue_type: 
CC  program: transfac
CC  matrix.nb: 8
CC  accession: MA0033.2_perm1
CC  AC: MA0033.2_perm1
CC  id: MA0033.2
CC  name: MA0033.2_perm1
CC  version: 
CC  transfac_consensus: RTAAACA
CC  name: MA0033.2_perm1
CC  matrix.nb: 8
CC  consensus.strict: AgACAAT
CC  consensus.strict.rc: ATTGTCT
CC  consensus.IUPAC: ArACAAT
CC  consensus.IUPAC.rc: ATTGTYT
CC  consensus.regexp: A[ag]ACAAT
CC  consensus.regexp.rc: ATTGT[CT]T
XX
//
AC  MA0033.2_perm2
XX
ID  MA0033.2_perm2
XX
DE  ArACAAT
P0           A         C         G         T
1         4315       567        51         0
2         2102        13      2678       140
