AC  MA0002.2_perm1
XX
ID  MA0002.2_perm1
XX
DE  TyTtwGGkGtt
P0           A         C         G         T
1           87       127        70      1716
2          123      1072       149       656
3           57         0         7      1936
4          234       485       467       814
5          500       158       289      1053
6            0         0      1987        13
7            0        75      1872        53
8          287       496       696       521
9           17        42      1848        93
10          10       400       251      1339
11         131       463        81      1325
XX
CC  residue_type: 
CC  program: transfac
CC  matrix.nb: 1
CC  accession: MA0002.2_perm1
CC  AC: MA0002.2_perm1
CC  id: MA0002.2
CC  name: MA0002.2_perm1
CC  version: 
CC  transfac_consensus: NNYTGTGGTTT
CC  name: MA0002.2_perm1
CC  matrix.nb: 1
CC  consensus.strict: TcTttGGgGtt
CC  consensus.strict.rc: AACCCCAAAGA
CC  consensus.IUPAC: TyTtwGGkGtt
CC  consensus.IUPAC.rc: AACMCCWAARA
CC  consensus.regexp: T[ct]Tt[at]GG[gt]Gtt
CC  consensus.regexp.rc: AAC[AC]CC[AT]AA[AG]A
XX
//
AC  MA0002.2_perm2
XX
ID  MA0002.2_perm2
XX
DE  TyTtwGGkGtt
P0           A         C         G         T
1          123      1072       149       656
2           87       127        70      1716
3            0        75      1872        53
4          131       463        81      1325
5          234       485       467       814
6           10       400       251      1339
7          500       158       289      1053
8           17        42      1848        93
9           57         0         7      1936
10         287       496       696       521
11           0         0      1987        13
XX
CC  residue_type: 
CC  program: transfac
CC  matrix.nb: 1
CC  accession: MA0002.2_perm2
CC  AC: MA0002.2_perm2
CC  id: MA0002.2
CC  name: MA0002.2_perm2
CC  version: 
CC  transfac_consensus: NNYTGTGGTTT
CC  name: MA0002.2_perm2
CC  matrix.nb: 1
CC  consensus.strict: TcTttGGgGtt
CC  consensus.strict.rc: AACCCCAAAGA
CC  consensus.IUPAC: TyTtwGGkGtt
CC  consensus.IUPAC.rc: AACMCCWAARA
CC  consensus.regexp: T[ct]Tt[at]GG[gt]Gtt
CC  consensus.regexp.rc: AAC[AC]CC[AT]AA[AG]A
XX
//
AC  MA0002.2_perm3
XX
ID  MA0002.2_perm3
XX
DE  TyTtwGGkGtt
P0           A         C         G         T
1          123      1072       149       656
2          234       485       467       814
3            0         0      1987        13
4           10       400       251      1339
5          287       496       696       521
6          500       158       289      1053
7            0        75      1872        53
8          131       463        81      1325
9           57         0         7      1936
10          17        42      1848        93
11          87       127        70      1716
XX
CC  residue_type: 
CC  program: transfac
CC  matrix.nb: 1
CC  accession: MA0002.2_perm3
CC  AC: MA0002.2_perm3
CC  id: MA0002.2
CC  name: MA0002.2_perm3
CC  version: 
CC  transfac_consensus: NNYTGTGGTTT
CC  name: MA0002.2_perm3
CC  matrix.nb: 1
CC  consensus.strict: TcTttGGgGtt
CC  consensus.strict.rc: AACCCCAAAGA
CC  consensus.IUPAC: TyTtwGGkGtt
CC  consensus.IUPAC.rc: AACMCCWAARA
CC  consensus.regexp: T[ct]Tt[at]GG[gt]Gtt
CC  consensus.regexp.rc: AAC[AC]CC[AT]AA[AG]A
XX
//
AC  MA0002.2_perm4
XX
ID  MA0002.2_perm4
XX
DE  TyTtwGGkGtt
P0           A         C         G         T
1           87       127        70      1716
2          131       463        81      1325
3           57         0         7      1936
4          123      1072       149       656
5            0        75      1872        53
6           17        42      1848        93
7            0         0      1987        13
8          234       485       467       814
9          500       158       289      1053
10         287       496       696       521
11          10       400       251      1339
XX
CC  residue_type: 
CC  program: transfac
CC  matrix.nb: 1
CC  accession: MA0002.2_perm4
CC  AC: MA0002.2_perm4
CC  id: MA0002.2
CC  name: MA0002.2_perm4
CC  version: 
CC  transfac_consensus: NNYTGTGGTTT
CC  name: MA0002.2_perm4
CC  matrix.nb: 1
CC  consensus.strict: TcTttGGgGtt
CC  consensus.strict.rc: AACCCCAAAGA
CC  consensus.IUPAC: TyTtwGGkGtt
CC  consensus.IUPAC.rc: AACMCCWAARA
CC  consensus.regexp: T[ct]Tt[at]GG[gt]Gtt
CC  consensus.regexp.rc: AAC[AC]CC[AT]AA[AG]A
XX
//
AC  MA0002.2_perm5
XX
ID  MA0002.2_perm5
XX
DE  TyTtwGGkGtt
P0           A         C         G         T
1           57         0         7      1936
2          500       158       289      1053
3           17        42      1848        93
4          234       485       467       814
5           87       127        70      1716
6            0         0      1987        13
7          123      1072       149       656
8            0        75      1872        53
9          287       496       696       521
10         131       463        81      1325
11          10       400       251      1339
XX
CC  residue_type: 
CC  program: transfac
CC  matrix.nb: 1
CC  accession: MA0002.2_perm5
CC  AC: MA0002.2_perm5
CC  id: MA0002.2
CC  name: MA0002.2_perm5
CC  version: 
CC  transfac_consensus: NNYTGTGGTTT
CC  name: MA0002.2_perm5
CC  matrix.nb: 1
CC  consensus.strict: TcTttGGgGtt
CC  consensus.strict.rc: AACCCCAAAGA
CC  consensus.IUPAC: TyTtwGGkGtt
CC  consensus.IUPAC.rc: AACMCCWAARA
CC  consensus.regexp: T[ct]Tt[at]GG[gt]Gtt
CC  consensus.regexp.rc: AAC[AC]CC[AT]AA[AG]A
XX
//
AC  MA0017.2_perm1
XX
ID  MA0017.2_perm1
XX
DE  GarGmCRAcrTGr
P0           A         C         G         T
1         2729      1399     17711      1665
2        14162      3298      2247      3797
3        12345       754      9491       914
4            0        58     23446         0
5         9972      5954      3154      4424
6            0     23504         0         0
7        16252         0      7252         0
8        23328         0       176         0
9         4802     11446      3276      3980
10        6294      5781      8566      2863
11           0         0         0     23504
12           0         0     23504         0
13        6385      4814      7575      4730
XX
CC  residue_type: 
CC  program: transfac
CC  matrix.nb: 2
CC  accession: MA0017.2_perm1
CC  AC: MA0017.2_perm1
CC  id: MA0017.2
CC  name: MA0017.2_perm1
CC  version: 
CC  transfac_consensus: NARRGGTCANNNG
CC  name: MA0017.2_perm1
CC  matrix.nb: 2
CC  consensus.strict: GaaGaCAAcgTGg
CC  consensus.strict.rc: CCACGTTGTCTTC
CC  consensus.IUPAC: GarGmCRAcrTGr
CC  consensus.IUPAC.rc: YCAYGTYGKCYTC
CC  consensus.regexp: Ga[ag]G[ac]C[AG]Ac[ag]TG[ag]
CC  consensus.regexp.rc: [CT]CA[CT]GT[CT]G[GT]C[CT]TC
XX
//
AC  MA0017.2_perm2
XX
ID  MA0017.2_perm2
XX
DE  GarGmCRAcrTGr
P0           A         C         G         T
1        16252         0      7252         0
2        12345       754      9491       914
3            0         0     23504         0
4         2729      1399     17711      1665
5         9972      5954      3154      4424
6            0     23504         0         0
7         6385      4814      7575      4730
8            0         0         0     23504
9         4802     11446      3276      3980
10        6294      5781      8566      2863
11           0        58     23446         0
12       14162      3298      2247      3797
13       23328         0       176         0
XX
CC  residue_type: 
CC  program: transfac
CC  matrix.nb: 2
CC  accession: MA0017.2_perm2
CC  AC: MA0017.2_perm2
CC  id: MA0017.2
CC  name: MA0017.2_perm2
CC  version: 
CC  transfac_consensus: NARRGGTCANNNG
CC  name: MA0017.2_perm2
CC  matrix.nb: 2
CC  consensus.strict: GaaGaCAAcgTGg
CC  consensus.strict.rc: CCACGTTGTCTTC
CC  consensus.IUPAC: GarGmCRAcrTGr
CC  consensus.IUPAC.rc: YCAYGTYGKCYTC
CC  consensus.regexp: Ga[ag]G[ac]C[AG]Ac[ag]TG[ag]
CC  consensus.regexp.rc: [CT]CA[CT]GT[CT]G[GT]C[CT]TC
XX
//
AC  MA0017.2_perm3
XX
ID  MA0017.2_perm3
XX
DE  GarGmCRAcrTGr
P0           A         C         G         T
1            0        58     23446         0
2        14162      3298      2247      3797
3         6385      4814      7575      4730
4         6294      5781      8566      2863
5         2729      1399     17711      1665
6            0     23504         0         0
7        12345       754      9491       914
8        23328         0       176         0
9         4802     11446      3276      3980
10           0         0     23504         0
11        9972      5954      3154      4424
12       16252         0      7252         0
13           0         0         0     23504
XX
CC  residue_type: 
CC  program: transfac
CC  matrix.nb: 2
CC  accession: MA0017.2_perm3
CC  AC: MA0017.2_perm3
CC  id: MA0017.2
CC  name: MA0017.2_perm3
CC  version: 
CC  transfac_consensus: NARRGGTCANNNG
CC  name: MA0017.2_perm3
CC  matrix.nb: 2
CC  consensus.strict: GaaGaCAAcgTGg
CC  consensus.strict.rc: CCACGTTGTCTTC
CC  consensus.IUPAC: GarGmCRAcrTGr
CC  consensus.IUPAC.rc: YCAYGTYGKCYTC
CC  consensus.regexp: Ga[ag]G[ac]C[AG]Ac[ag]TG[ag]
CC  consensus.regexp.rc: [CT]CA[CT]GT[CT]G[GT]C[CT]TC
XX
//
AC  MA0017.2_perm4
XX
ID  MA0017.2_perm4
XX
DE  GarGmCRAcrTGr
P0           A         C         G         T
1            0        58     23446         0
2        23328         0       176         0
3            0     23504         0         0
4        12345       754      9491       914
5         6385      4814      7575      4730
6         9972      5954      3154      4424
7        16252         0      7252         0
8        14162      3298      2247      3797
9            0         0         0     23504
10        4802     11446      3276      3980
11        6294      5781      8566      2863
12        2729      1399     17711      1665
13           0         0     23504         0
XX
CC  residue_type: 
CC  program: transfac
CC  matrix.nb: 2
CC  accession: MA0017.2_perm4
CC  AC: MA0017.2_perm4
CC  id: MA0017.2
CC  name: MA0017.2_perm4
CC  version: 
CC  transfac_consensus: NARRGGTCANNNG
CC  name: MA0017.2_perm4
CC  matrix.nb: 2
CC  consensus.strict: GaaGaCAAcgTGg
CC  consensus.strict.rc: CCACGTTGTCTTC
CC  consensus.IUPAC: GarGmCRAcrTGr
CC  consensus.IUPAC.rc: YCAYGTYGKCYTC
CC  consensus.regexp: Ga[ag]G[ac]C[AG]Ac[ag]TG[ag]
CC  consensus.regexp.rc: [CT]CA[CT]GT[CT]G[GT]C[CT]TC
XX
//
AC  MA0017.2_perm5
XX
ID  MA0017.2_perm5
XX
DE  GarGmCRAcrTGr
P0           A         C         G         T
1            0         0         0     23504
2        14162      3298      2247      3797
3            0         0     23504         0
4         2729      1399     17711      1665
5            0     23504         0         0
6            0        58     23446         0
7        12345       754      9491       914
8        23328         0       176         0
9         6385      4814      7575      4730
10        6294      5781      8566      2863
11       16252         0      7252         0
12        4802     11446      3276      3980
13        9972      5954      3154      4424
XX
CC  residue_type: 
CC  program: transfac
CC  matrix.nb: 2
CC  accession: MA0017.2_perm5
CC  AC: MA0017.2_perm5
CC  id: MA0017.2
CC  name: MA0017.2_perm5
CC  version: 
CC  transfac_consensus: NARRGGTCANNNG
CC  name: MA0017.2_perm5
CC  matrix.nb: 2
CC  consensus.strict: GaaGaCAAcgTGg
CC  consensus.strict.rc: CCACGTTGTCTTC
CC  consensus.IUPAC: GarGmCRAcrTGr
CC  consensus.IUPAC.rc: YCAYGTYGKCYTC
CC  consensus.regexp: Ga[ag]G[ac]C[AG]Ac[ag]TG[ag]
CC  consensus.regexp.rc: [CT]CA[CT]GT[CT]G[GT]C[CT]TC
XX
//
AC  MA0024.3_perm1
XX
ID  MA0024.3_perm1
XX
DE  aCaatttGGCCG
P0           A         C         G         T
1          642       210        25       146
2            0       877        70        76
3          571        68       130       254
4          629        99        71       224
5          241        46       100       636
6          209        36       146       632
7          254       115        89       565
8           54        72       896         1
9            0        33       990         0
10           3       991        29         0
11           0      1020         0         3
12           0         1      1022         0
XX
CC  residue_type: 
CC  program: transfac
CC  matrix.nb: 3
CC  accession: MA0024.3_perm1
CC  AC: MA0024.3_perm1
CC  id: MA0024.3
CC  name: MA0024.3_perm1
CC  version: 
CC  transfac_consensus: TTTGGCGCCAAA
CC  name: MA0024.3_perm1
CC  matrix.nb: 3
CC  consensus.strict: aCaatttGGCCG
CC  consensus.strict.rc: CGGCCAAATTGT
CC  consensus.IUPAC: aCaatttGGCCG
CC  consensus.IUPAC.rc: CGGCCAAATTGT
CC  consensus.regexp: aCaatttGGCCG
CC  consensus.regexp.rc: CGGCCAAATTGT
XX
//
AC  MA0024.3_perm2
XX
ID  MA0024.3_perm2
XX
DE  aCaatttGGCCG
P0           A         C         G         T
1            3       991        29         0
2          209        36       146       632
3          241        46       100       636
4            0        33       990         0
5            0         1      1022         0
6            0       877        70        76
7          642       210        25       146
8            0      1020         0         3
9           54        72       896         1
10         571        68       130       254
11         629        99        71       224
12         254       115        89       565
XX
CC  residue_type: 
CC  program: transfac
CC  matrix.nb: 3
CC  accession: MA0024.3_perm2
CC  AC: MA0024.3_perm2
CC  id: MA0024.3
CC  name: MA0024.3_perm2
CC  version: 
CC  transfac_consensus: TTTGGCGCCAAA
CC  name: MA0024.3_perm2
CC  matrix.nb: 3
CC  consensus.strict: aCaatttGGCCG
CC  consensus.strict.rc: CGGCCAAATTGT
CC  consensus.IUPAC: aCaatttGGCCG
CC  consensus.IUPAC.rc: CGGCCAAATTGT
CC  consensus.regexp: aCaatttGGCCG
CC  consensus.regexp.rc: CGGCCAAATTGT
XX
//
AC  MA0024.3_perm3
XX
ID  MA0024.3_perm3
XX
DE  aCaatttGGCCG
P0           A         C         G         T
1           54        72       896         1
2            3       991        29         0
3            0         1      1022         0
4            0      1020         0         3
5          209        36       146       632
6          571        68       130       254
7          642       210        25       146
8          254       115        89       565
9            0       877        70        76
10         241        46       100       636
11           0        33       990         0
12         629        99        71       224
XX
CC  residue_type: 
CC  program: transfac
CC  matrix.nb: 3
CC  accession: MA0024.3_perm3
CC  AC: MA0024.3_perm3
CC  id: MA0024.3
CC  name: MA0024.3_perm3
CC  version: 
CC  transfac_consensus: TTTGGCGCCAAA
CC  name: MA0024.3_perm3
CC  matrix.nb: 3
CC  consensus.strict: aCaatttGGCCG
CC  consensus.strict.rc: CGGCCAAATTGT
CC  consensus.IUPAC: aCaatttGGCCG
CC  consensus.IUPAC.rc: CGGCCAAATTGT
CC  consensus.regexp: aCaatttGGCCG
CC  consensus.regexp.rc: CGGCCAAATTGT
XX
//
AC  MA0024.3_perm4
XX
ID  MA0024.3_perm4
XX
DE  aCaatttGGCCG
P0           A         C         G         T
1          642       210        25       146
2            0        33       990         0
3            0       877        70        76
4            3       991        29         0
5           54        72       896         1
6          629        99        71       224
7            0      1020         0         3
8          241        46       100       636
9            0         1      1022         0
10         254       115        89       565
11         209        36       146       632
12         571        68       130       254
XX
CC  residue_type: 
CC  program: transfac
CC  matrix.nb: 3
CC  accession: MA0024.3_perm4
CC  AC: MA0024.3_perm4
CC  id: MA0024.3
CC  name: MA0024.3_perm4
CC  version: 
CC  transfac_consensus: TTTGGCGCCAAA
CC  name: MA0024.3_perm4
CC  matrix.nb: 3
CC  consensus.strict: aCaatttGGCCG
CC  consensus.strict.rc: CGGCCAAATTGT
CC  consensus.IUPAC: aCaatttGGCCG
CC  consensus.IUPAC.rc: CGGCCAAATTGT
CC  consensus.regexp: aCaatttGGCCG
CC  consensus.regexp.rc: CGGCCAAATTGT
XX
//
AC  MA0024.3_perm5
XX
ID  MA0024.3_perm5
XX
DE  aCaatttGGCCG
P0           A         C         G         T
1            0         1      1022         0
2          629        99        71       224
3            0       877        70        76
4            0        33       990         0
5          209        36       146       632
6            0      1020         0         3
7            3       991        29         0
8           54        72       896         1
9          571        68       130       254
10         642       210        25       146
11         254       115        89       565
12         241        46       100       636
XX
CC  residue_type: 
CC  program: transfac
CC  matrix.nb: 3
CC  accession: MA0024.3_perm5
CC  AC: MA0024.3_perm5
CC  id: MA0024.3
CC  name: MA0024.3_perm5
CC  version: 
CC  transfac_consensus: TTTGGCGCCAAA
CC  name: MA0024.3_perm5
CC  matrix.nb: 3
CC  consensus.strict: aCaatttGGCCG
CC  consensus.strict.rc: CGGCCAAATTGT
CC  consensus.IUPAC: aCaatttGGCCG
CC  consensus.IUPAC.rc: CGGCCAAATTGT
CC  consensus.regexp: aCaatttGGCCG
CC  consensus.regexp.rc: CGGCCAAATTGT
XX
//
AC  MA0027.2_perm1
XX
ID  MA0027.2_perm1
XX
DE  sAATgyAT
P0           A         C         G         T
1          427      1174       765       525
2         2863        28         0         0
3         2738         0        28       125
4            0         0         0      2891
5          689       683      1217       302
6          100      1280         5      1506
7         2730        94        67         0
8           46       389       130      2326
XX
CC  residue_type: 
CC  program: transfac
CC  matrix.nb: 4
CC  accession: MA0027.2_perm1
CC  AC: MA0027.2_perm1
CC  id: MA0027.2
CC  name: MA0027.2_perm1
CC  version: 
CC  transfac_consensus: NYAATTAN
CC  name: MA0027.2_perm1
CC  matrix.nb: 4
CC  consensus.strict: cAATgtAT
CC  consensus.strict.rc: ATACATTG
CC  consensus.IUPAC: sAATgyAT
CC  consensus.IUPAC.rc: ATRCATTS
CC  consensus.regexp: [cg]AATg[ct]AT
CC  consensus.regexp.rc: AT[AG]CATT[CG]
XX
//
AC  MA0027.2_perm2
XX
ID  MA0027.2_perm2
XX
DE  sAATgyAT
P0           A         C         G         T
1         2730        94        67         0
2          689       683      1217       302
3         2738         0        28       125
4          427      1174       765       525
5            0         0         0      2891
6           46       389       130      2326
7          100      1280         5      1506
8         2863        28         0         0
XX
CC  residue_type: 
CC  program: transfac
CC  matrix.nb: 4
CC  accession: MA0027.2_perm2
CC  AC: MA0027.2_perm2
CC  id: MA0027.2
CC  name: MA0027.2_perm2
CC  version: 
CC  transfac_consensus: NYAATTAN
CC  name: MA0027.2_perm2
CC  matrix.nb: 4
CC  consensus.strict: cAATgtAT
CC  consensus.strict.rc: ATACATTG
CC  consensus.IUPAC: sAATgyAT
CC  consensus.IUPAC.rc: ATRCATTS
CC  consensus.regexp: [cg]AATg[ct]AT
CC  consensus.regexp.rc: AT[AG]CATT[CG]
XX
//
AC  MA0027.2_perm3
XX
ID  MA0027.2_perm3
XX
DE  sAATgyAT
P0           A         C         G         T
1         2738         0        28       125
2         2863        28         0         0
3          427      1174       765       525
4           46       389       130      2326
5          100      1280         5      1506
6            0         0         0      2891
7          689       683      1217       302
8         2730        94        67         0
XX
CC  residue_type: 
CC  program: transfac
CC  matrix.nb: 4
CC  accession: MA0027.2_perm3
CC  AC: MA0027.2_perm3
CC  id: MA0027.2
CC  name: MA0027.2_perm3
CC  version: 
CC  transfac_consensus: NYAATTAN
CC  name: MA0027.2_perm3
CC  matrix.nb: 4
CC  consensus.strict: cAATgtAT
CC  consensus.strict.rc: ATACATTG
CC  consensus.IUPAC: sAATgyAT
CC  consensus.IUPAC.rc: ATRCATTS
CC  consensus.regexp: [cg]AATg[ct]AT
CC  consensus.regexp.rc: AT[AG]CATT[CG]
XX
//
AC  MA0027.2_perm4
XX
ID  MA0027.2_perm4
XX
DE  sAATgyAT
P0           A         C         G         T
1         2730        94        67         0
2          427      1174       765       525
3          100      1280         5      1506
4           46       389       130      2326
5          689       683      1217       302
6         2863        28         0         0
7         2738         0        28       125
8            0         0         0      2891
XX
CC  residue_type: 
CC  program: transfac
CC  matrix.nb: 4
CC  accession: MA0027.2_perm4
CC  AC: MA0027.2_perm4
CC  id: MA0027.2
CC  name: MA0027.2_perm4
CC  version: 
CC  transfac_consensus: NYAATTAN
CC  name: MA0027.2_perm4
CC  matrix.nb: 4
CC  consensus.strict: cAATgtAT
CC  consensus.strict.rc: ATACATTG
CC  consensus.IUPAC: sAATgyAT
CC  consensus.IUPAC.rc: ATRCATTS
CC  consensus.regexp: [cg]AATg[ct]AT
CC  consensus.regexp.rc: AT[AG]CATT[CG]
XX
//
AC  MA0027.2_perm5
XX
ID  MA0027.2_perm5
XX
DE  sAATgyAT
P0           A         C         G         T
1         2730        94        67         0
2         2738         0        28       125
3            0         0         0      2891
4         2863        28         0         0
5           46       389       130      2326
6          100      1280         5      1506
7          689       683      1217       302
8          427      1174       765       525
XX
CC  residue_type: 
CC  program: transfac
CC  matrix.nb: 4
CC  accession: MA0027.2_perm5
CC  AC: MA0027.2_perm5
CC  id: MA0027.2
CC  name: MA0027.2_perm5
CC  version: 
CC  transfac_consensus: NYAATTAN
CC  name: MA0027.2_perm5
CC  matrix.nb: 4
CC  consensus.strict: cAATgtAT
CC  consensus.strict.rc: ATACATTG
CC  consensus.IUPAC: sAATgyAT
CC  consensus.IUPAC.rc: ATRCATTS
CC  consensus.regexp: [cg]AATg[ct]AT
CC  consensus.regexp.rc: AT[AG]CATT[CG]
XX
//
AC  MA0028.2_perm1
XX
ID  MA0028.2_perm1
XX
DE  CAGTrCAGAG
P0           A         C         G         T
1          522     66595        86        31
2        45807      2750     12959      5718
3         3939      3084     59827       384
4         1137      7833      1394     56870
5        19483      9794     25353     12604
6         1679     63190      2039       326
7        66768       340        90        36
8            0        31     67165        38
9        63678       463        83      3010
10           6        59     66140      1029
XX
CC  residue_type: 
CC  program: transfac
CC  matrix.nb: 5
CC  accession: MA0028.2_perm1
CC  AC: MA0028.2_perm1
CC  id: MA0028.2
CC  name: MA0028.2_perm1
CC  version: 
CC  transfac_consensus: ACCGGAAGTN
CC  name: MA0028.2_perm1
CC  matrix.nb: 5
CC  consensus.strict: CAGTgCAGAG
CC  consensus.strict.rc: CTCTGCACTG
CC  consensus.IUPAC: CAGTrCAGAG
CC  consensus.IUPAC.rc: CTCTGYACTG
CC  consensus.regexp: CAGT[ag]CAGAG
CC  consensus.regexp.rc: CTCTG[CT]ACTG
XX
//
AC  MA0028.2_perm2
XX
ID  MA0028.2_perm2
XX
DE  CAGTrCAGAG
P0           A         C         G         T
1          522     66595        86        31
2        66768       340        90        36
3         1137      7833      1394     56870
4            6        59     66140      1029
5         3939      3084     59827       384
6        63678       463        83      3010
7        45807      2750     12959      5718
8         1679     63190      2039       326
9        19483      9794     25353     12604
10           0        31     67165        38
XX
CC  residue_type: 
CC  program: transfac
CC  matrix.nb: 5
CC  accession: MA0028.2_perm2
CC  AC: MA0028.2_perm2
CC  id: MA0028.2
CC  name: MA0028.2_perm2
CC  version: 
CC  transfac_consensus: ACCGGAAGTN
CC  name: MA0028.2_perm2
CC  matrix.nb: 5
CC  consensus.strict: CAGTgCAGAG
CC  consensus.strict.rc: CTCTGCACTG
CC  consensus.IUPAC: CAGTrCAGAG
CC  consensus.IUPAC.rc: CTCTGYACTG
CC  consensus.regexp: CAGT[ag]CAGAG
CC  consensus.regexp.rc: CTCTG[CT]ACTG
XX
//
AC  MA0028.2_perm3
XX
ID  MA0028.2_perm3
XX
DE  CAGTrCAGAG
P0           A         C         G         T
1        63678       463        83      3010
2         1679     63190      2039       326
3            6        59     66140      1029
4        45807      2750     12959      5718
5            0        31     67165        38
6        66768       340        90        36
7          522     66595        86        31
8         3939      3084     59827       384
9        19483      9794     25353     12604
10        1137      7833      1394     56870
XX
CC  residue_type: 
CC  program: transfac
CC  matrix.nb: 5
CC  accession: MA0028.2_perm3
CC  AC: MA0028.2_perm3
CC  id: MA0028.2
CC  name: MA0028.2_perm3
CC  version: 
CC  transfac_consensus: ACCGGAAGTN
CC  name: MA0028.2_perm3
CC  matrix.nb: 5
CC  consensus.strict: CAGTgCAGAG
CC  consensus.strict.rc: CTCTGCACTG
CC  consensus.IUPAC: CAGTrCAGAG
CC  consensus.IUPAC.rc: CTCTGYACTG
CC  consensus.regexp: CAGT[ag]CAGAG
CC  consensus.regexp.rc: CTCTG[CT]ACTG
XX
//
AC  MA0028.2_perm4
XX
ID  MA0028.2_perm4
XX
DE  CAGTrCAGAG
P0           A         C         G         T
1        45807      2750     12959      5718
2            6        59     66140      1029
3            0        31     67165        38
4         1137      7833      1394     56870
5        63678       463        83      3010
6         3939      3084     59827       384
7         1679     63190      2039       326
8        66768       340        90        36
9        19483      9794     25353     12604
10         522     66595        86        31
XX
CC  residue_type: 
CC  program: transfac
CC  matrix.nb: 5
CC  accession: MA0028.2_perm4
CC  AC: MA0028.2_perm4
CC  id: MA0028.2
CC  name: MA0028.2_perm4
CC  version: 
CC  transfac_consensus: ACCGGAAGTN
CC  name: MA0028.2_perm4
CC  matrix.nb: 5
CC  consensus.strict: CAGTgCAGAG
CC  consensus.strict.rc: CTCTGCACTG
CC  consensus.IUPAC: CAGTrCAGAG
CC  consensus.IUPAC.rc: CTCTGYACTG
CC  consensus.regexp: CAGT[ag]CAGAG
CC  consensus.regexp.rc: CTCTG[CT]ACTG
XX
//
AC  MA0028.2_perm5
XX
ID  MA0028.2_perm5
XX
DE  CAGTrCAGAG
P0           A         C         G         T
1            6        59     66140      1029
2        66768       340        90        36
3         1679     63190      2039       326
4         1137      7833      1394     56870
5        63678       463        83      3010
6          522     66595        86        31
7         3939      3084     59827       384
8        19483      9794     25353     12604
9            0        31     67165        38
10       45807      2750     12959      5718
XX
CC  residue_type: 
CC  program: transfac
CC  matrix.nb: 5
CC  accession: MA0028.2_perm5
CC  AC: MA0028.2_perm5
CC  id: MA0028.2
CC  name: MA0028.2_perm5
CC  version: 
CC  transfac_consensus: ACCGGAAGTN
CC  name: MA0028.2_perm5
CC  matrix.nb: 5
CC  consensus.strict: CAGTgCAGAG
CC  consensus.strict.rc: CTCTGCACTG
CC  consensus.IUPAC: CAGTrCAGAG
CC  consensus.IUPAC.rc: CTCTGYACTG
CC  consensus.regexp: CAGT[ag]CAGAG
CC  consensus.regexp.rc: CTCTG[CT]ACTG
XX
//
AC  MA0032.2_perm1
XX
ID  MA0032.2_perm1
XX
DE  AwAwTyRAMwA
P0           A         C         G         T
1        18907        28       443       188
2         6199      1441      1024     10902
3        19393       113         0        60
4         6452       772       304     12038
5         2121      1404       331     15710
6          127      9151       172     10116
7         5036       348     14129        53
8        19244        58       147       117
9        13832      5665        22        47
10        6738      1714      2068      9046
11       13604       691      3955      1316
XX
CC  residue_type: 
CC  program: transfac
CC  matrix.nb: 6
CC  accession: MA0032.2_perm1
CC  AC: MA0032.2_perm1
CC  id: MA0032.2
CC  name: MA0032.2_perm1
CC  version: 
CC  transfac_consensus: WAWRTMAAYAW
CC  name: MA0032.2_perm1
CC  matrix.nb: 6
CC  consensus.strict: AtAtTtGAAtA
CC  consensus.strict.rc: TATTCAAATAT
CC  consensus.IUPAC: AwAwTyRAMwA
CC  consensus.IUPAC.rc: TWKTYRAWTWT
CC  consensus.regexp: A[at]A[at]T[ct][AG]A[AC][at]A
CC  consensus.regexp.rc: T[AT][GT]T[CT][AG]A[AT]T[AT]T
XX
//
AC  MA0032.2_perm2
XX
ID  MA0032.2_perm2
XX
DE  AwAwTyRAMwA
P0           A         C         G         T
1         6199      1441      1024     10902
2         5036       348     14129        53
3        18907        28       443       188
4        19393       113         0        60
5         6452       772       304     12038
6        13832      5665        22        47
7        19244        58       147       117
8        13604       691      3955      1316
9          127      9151       172     10116
10        2121      1404       331     15710
11        6738      1714      2068      9046
XX
CC  residue_type: 
CC  program: transfac
CC  matrix.nb: 6
CC  accession: MA0032.2_perm2
CC  AC: MA0032.2_perm2
CC  id: MA0032.2
CC  name: MA0032.2_perm2
CC  version: 
CC  transfac_consensus: WAWRTMAAYAW
CC  name: MA0032.2_perm2
CC  matrix.nb: 6
CC  consensus.strict: AtAtTtGAAtA
CC  consensus.strict.rc: TATTCAAATAT
CC  consensus.IUPAC: AwAwTyRAMwA
CC  consensus.IUPAC.rc: TWKTYRAWTWT
CC  consensus.regexp: A[at]A[at]T[ct][AG]A[AC][at]A
CC  consensus.regexp.rc: T[AT][GT]T[CT][AG]A[AT]T[AT]T
XX
//
AC  MA0032.2_perm3
XX
ID  MA0032.2_perm3
XX
DE  AwAwTyRAMwA
P0           A         C         G         T
1        13832      5665        22        47
2         6452       772       304     12038
3          127      9151       172     10116
4         5036       348     14129        53
5        19244        58       147       117
6         2121      1404       331     15710
7        18907        28       443       188
8         6199      1441      1024     10902
9        13604       691      3955      1316
10       19393       113         0        60
11        6738      1714      2068      9046
XX
CC  residue_type: 
CC  program: transfac
CC  matrix.nb: 6
CC  accession: MA0032.2_perm3
CC  AC: MA0032.2_perm3
CC  id: MA0032.2
CC  name: MA0032.2_perm3
CC  version: 
CC  transfac_consensus: WAWRTMAAYAW
CC  name: MA0032.2_perm3
CC  matrix.nb: 6
CC  consensus.strict: AtAtTtGAAtA
CC  consensus.strict.rc: TATTCAAATAT
CC  consensus.IUPAC: AwAwTyRAMwA
CC  consensus.IUPAC.rc: TWKTYRAWTWT
CC  consensus.regexp: A[at]A[at]T[ct][AG]A[AC][at]A
CC  consensus.regexp.rc: T[AT][GT]T[CT][AG]A[AT]T[AT]T
XX
//
AC  MA0032.2_perm4
XX
ID  MA0032.2_perm4
XX
DE  AwAwTyRAMwA
P0           A         C         G         T
1         5036       348     14129        53
2         6452       772       304     12038
3        19393       113         0        60
4        13832      5665        22        47
5          127      9151       172     10116
6         6738      1714      2068      9046
7        18907        28       443       188
8        19244        58       147       117
9        13604       691      3955      1316
10        2121      1404       331     15710
11        6199      1441      1024     10902
XX
CC  residue_type: 
CC  program: transfac
CC  matrix.nb: 6
CC  accession: MA0032.2_perm4
CC  AC: MA0032.2_perm4
CC  id: MA0032.2
CC  name: MA0032.2_perm4
CC  version: 
CC  transfac_consensus: WAWRTMAAYAW
CC  name: MA0032.2_perm4
CC  matrix.nb: 6
CC  consensus.strict: AtAtTtGAAtA
CC  consensus.strict.rc: TATTCAAATAT
CC  consensus.IUPAC: AwAwTyRAMwA
CC  consensus.IUPAC.rc: TWKTYRAWTWT
CC  consensus.regexp: A[at]A[at]T[ct][AG]A[AC][at]A
CC  consensus.regexp.rc: T[AT][GT]T[CT][AG]A[AT]T[AT]T
XX
//
AC  MA0032.2_perm5
XX
ID  MA0032.2_perm5
XX
DE  AwAwTyRAMwA
P0           A         C         G         T
1         5036       348     14129        53
2        13832      5665        22        47
3          127      9151       172     10116
4         6199      1441      1024     10902
5         6738      1714      2068      9046
6        13604       691      3955      1316
7        19244        58       147       117
8        19393       113         0        60
9        18907        28       443       188
10        6452       772       304     12038
11        2121      1404       331     15710
XX
CC  residue_type: 
CC  program: transfac
CC  matrix.nb: 6
CC  accession: MA0032.2_perm5
CC  AC: MA0032.2_perm5
CC  id: MA0032.2
CC  name: MA0032.2_perm5
CC  version: 
CC  transfac_consensus: WAWRTMAAYAW
CC  name: MA0032.2_perm5
CC  matrix.nb: 6
CC  consensus.strict: AtAtTtGAAtA
CC  consensus.strict.rc: TATTCAAATAT
CC  consensus.IUPAC: AwAwTyRAMwA
CC  consensus.IUPAC.rc: TWKTYRAWTWT
CC  consensus.regexp: A[at]A[at]T[ct][AG]A[AC][at]A
CC  consensus.regexp.rc: T[AT][GT]T[CT][AG]A[AT]T[AT]T
XX
//
AC  MA0033.2_perm1
XX
ID  MA0033.2_perm1
XX
DE  AAATArC
P0           A         C         G         T
1         4315       567        51         0
2         4879        39         0        15
3         4801        82        50         0
4            9       394         0      4530
5         4861        55         0        17
6         2102        13      2678       140
7            0      3842         0      1091
XX
CC  residue_type: 
CC  program: transfac
CC  matrix.nb: 7
CC  accession: MA0033.2_perm1
CC  AC: MA0033.2_perm1
CC  id: MA0033.2
CC  name: MA0033.2_perm1
CC  version: 
CC  transfac_consensus: RTAAACA
CC  name: MA0033.2_perm1
CC  matrix.nb: 7
CC  consensus.strict: AAATAgC
CC  consensus.strict.rc: GCTATTT
CC  consensus.IUPAC: AAATArC
CC  consensus.IUPAC.rc: GYTATTT
CC  consensus.regexp: AAATA[ag]C
CC  consensus.regexp.rc: G[CT]TATTT
XX
//
AC  MA0033.2_perm2
XX
ID  MA0033.2_perm2
XX
DE  AAATArC
P0           A         C         G         T
1            0      3842         0      1091
2         2102        13      2678       140
3         4315       567        51         0
4         4861        55         0        17
5         4879        39         0        15
6         4801        82        50         0
7            9       394         0      4530
XX
CC  residue_type: 
CC  program: transfac
CC  matrix.nb: 7
CC  accession: MA0033.2_perm2
CC  AC: MA0033.2_perm2
CC  id: MA0033.2
CC  name: MA0033.2_perm2
CC  version: 
CC  transfac_consensus: RTAAACA
CC  name: MA0033.2_perm2
CC  matrix.nb: 7
CC  consensus.strict: AAATAgC
CC  consensus.strict.rc: GCTATTT
CC  consensus.IUPAC: AAATArC
CC  consensus.IUPAC.rc: GYTATTT
CC  consensus.regexp: AAATA[ag]C
CC  consensus.regexp.rc: G[CT]TATTT
XX
//
AC  MA0033.2_perm3
XX
ID  MA0033.2_perm3
XX
DE  AAATArC
P0           A         C         G         T
1         4879        39         0        15
2         4861        55         0        17
3            0      3842         0      1091
4         2102        13      2678       140
5         4315       567        51         0
6            9       394         0      4530
7         4801        82        50         0
XX
CC  residue_type: 
CC  program: transfac
CC  matrix.nb: 7
CC  accession: MA0033.2_perm3
CC  AC: MA0033.2_perm3
CC  id: MA0033.2
CC  name: MA0033.2_perm3
CC  version: 
CC  transfac_consensus: RTAAACA
CC  name: MA0033.2_perm3
CC  matrix.nb: 7
CC  consensus.strict: AAATAgC
CC  consensus.strict.rc: GCTATTT
CC  consensus.IUPAC: AAATArC
CC  consensus.IUPAC.rc: GYTATTT
CC  consensus.regexp: AAATA[ag]C
CC  consensus.regexp.rc: G[CT]TATTT
XX
//
AC  MA0033.2_perm4
XX
ID  MA0033.2_perm4
XX
DE  AAATArC
P0           A         C         G         T
1            9       394         0      4530
2         2102        13      2678       140
3         4861        55         0        17
4            0      3842         0      1091
5         4879        39         0        15
6         4315       567        51         0
7         4801        82        50         0
XX
CC  residue_type: 
CC  program: transfac
CC  matrix.nb: 7
CC  accession: MA0033.2_perm4
CC  AC: MA0033.2_perm4
CC  id: MA0033.2
CC  name: MA0033.2_perm4
CC  version: 
CC  transfac_consensus: RTAAACA
CC  name: MA0033.2_perm4
CC  matrix.nb: 7
CC  consensus.strict: AAATAgC
CC  consensus.strict.rc: GCTATTT
CC  consensus.IUPAC: AAATArC
CC  consensus.IUPAC.rc: GYTATTT
CC  consensus.regexp: AAATA[ag]C
CC  consensus.regexp.rc: G[CT]TATTT
XX
//
AC  MA0033.2_perm5
XX
ID  MA0033.2_perm5
XX
DE  AAATArC
P0           A         C         G         T
1            0      3842         0      1091
2         4879        39         0        15
3         4801        82        50         0
4         4861        55         0        17
5            9       394         0      4530
6         4315       567        51         0
7         2102        13      2678       140
XX
CC  residue_type: 
CC  program: transfac
CC  matrix.nb: 7
CC  accession: MA0033.2_perm5
CC  AC: MA0033.2_perm5
CC  id: MA0033.2
CC  name: MA0033.2_perm5
CC  version: 
CC  transfac_consensus: RTAAACA
CC  name: MA0033.2_perm5
CC  matrix.nb: 7
CC  consensus.strict: AAATAgC
CC  consensus.strict.rc: GCTATTT
CC  consensus.IUPAC: AAATArC
CC  consensus.IUPAC.rc: GYTATTT
CC  consensus.regexp: AAATA[ag]C
CC  consensus.regexp.rc: G[CT]TATTT
XX
//
AC  MA0037.3_perm1
XX
ID  MA0037.3_perm1
XX
DE  rGAswTAA
P0           A         C         G         T
1          423       188       321        68
2            0         0      1000         0
3         1000         0         0         0
4          114       301       476       109
5          502       226         1       271
6            0         0         0      1000
7          862        15        76        47
8          915         2         0        83
XX
CC  residue_type: 
CC  program: transfac
CC  matrix.nb: 8
CC  accession: MA0037.3_perm1
CC  AC: MA0037.3_perm1
CC  id: MA0037.3
CC  name: MA0037.3_perm1
CC  version: 
CC  transfac_consensus: WGATAASN
CC  name: MA0037.3_perm1
CC  matrix.nb: 8
CC  consensus.strict: aGAgaTAA
CC  consensus.strict.rc: TTATCTCT
CC  consensus.IUPAC: rGAswTAA
CC  consensus.IUPAC.rc: TTAWSTCY
CC  consensus.regexp: [ag]GA[cg][at]TAA
CC  consensus.regexp.rc: TTA[AT][CG]TC[CT]
XX
//
AC  MA0037.3_perm2
XX
ID  MA0037.3_perm2
XX
DE  rGAswTAA
P0           A         C         G         T
1            0         0         0      1000
2          114       301       476       109
3          423       188       321        68
4         1000         0         0         0
5            0         0      1000         0
6          862        15        76        47
7          915         2         0        83
8          502       226         1       271
XX
CC  residue_type: 
CC  program: transfac
CC  matrix.nb: 8
CC  accession: MA0037.3_perm2
CC  AC: MA0037.3_perm2
CC  id: MA0037.3
CC  name: MA0037.3_perm2
CC  version: 
CC  transfac_consensus: WGATAASN
CC  name: MA0037.3_perm2
CC  matrix.nb: 8
CC  consensus.strict: aGAgaTAA
CC  consensus.strict.rc: TTATCTCT
CC  consensus.IUPAC: rGAswTAA
CC  consensus.IUPAC.rc: TTAWSTCY
CC  consensus.regexp: [ag]GA[cg][at]TAA
CC  consensus.regexp.rc: TTA[AT][CG]TC[CT]
XX
//
AC  MA0037.3_perm3
XX
ID  MA0037.3_perm3
XX
DE  rGAswTAA
P0           A         C         G         T
1         1000         0         0         0
2          502       226         1       271
3          862        15        76        47
4            0         0         0      1000
5          915         2         0        83
6            0         0      1000         0
7          114       301       476       109
8          423       188       321        68
XX
CC  residue_type: 
CC  program: transfac
CC  matrix.nb: 8
CC  accession: MA0037.3_perm3
CC  AC: MA0037.3_perm3
CC  id: MA0037.3
CC  name: MA0037.3_perm3
CC  version: 
CC  transfac_consensus: WGATAASN
CC  name: MA0037.3_perm3
CC  matrix.nb: 8
CC  consensus.strict: aGAgaTAA
CC  consensus.strict.rc: TTATCTCT
CC  consensus.IUPAC: rGAswTAA
CC  consensus.IUPAC.rc: TTAWSTCY
CC  consensus.regexp: [ag]GA[cg][at]TAA
CC  consensus.regexp.rc: TTA[AT][CG]TC[CT]
XX
//
AC  MA0037.3_perm4
XX
ID  MA0037.3_perm4
XX
DE  rGAswTAA
P0           A         C         G         T
1          114       301       476       109
2            0         0         0      1000
3          862        15        76        47
4          502       226         1       271
5          423       188       321        68
6            0         0      1000         0
7         1000         0         0         0
8          915         2         0        83
XX
CC  residue_type: 
CC  program: transfac
CC  matrix.nb: 8
CC  accession: MA0037.3_perm4
CC  AC: MA0037.3_perm4
CC  id: MA0037.3
CC  name: MA0037.3_perm4
CC  version: 
CC  transfac_consensus: WGATAASN
CC  name: MA0037.3_perm4
CC  matrix.nb: 8
CC  consensus.strict: aGAgaTAA
