AC  MA0050.2_perm1
XX
ID  MA0050.2_perm1
XX
DE  twTTrsTaCytTtTsttCyTt
P0           A         C         G         T
1          166       331       151       714
2          513       245       263       341
3           16         1         0      1345
4           12         0         0      1350
5          735       101       361       165
6           24       792       506        40
7            7        14         5      1336
8          913        39       238       172
9           17      1023        28       294
10         138       430       148       646
11         316       320       266       460
12           0        56         4      1302
13         198       193        99       872
14           0        31         0      1331
15          20       787       345       210
16         145       186       114       917
17         251       284       251       576
18           0      1249         0       113
19         218       464       291       389
20          11        58         0      1293
21         173       324       212       653
XX
CC  residue_type: 
CC  program: transfac
CC  matrix.nb: 1
CC  accession: MA0050.2_perm1
CC  AC: MA0050.2_perm1
CC  id: MA0050.2
CC  name: MA0050.2_perm1
CC  version: 
CC  transfac_consensus: NNNYRSTTTCASTTTCNNTTT
CC  name: MA0050.2_perm1
CC  matrix.nb: 1
CC  consensus.strict: taTTacTaCttTtTcttCcTt
CC  consensus.strict.rc: AAGGAAGAAAAAGTAGTAATA
CC  consensus.IUPAC: twTTrsTaCytTtTsttCyTt
CC  consensus.IUPAC.rc: AARGAASAAAARGTASYAAWA
CC  consensus.regexp: t[at]TT[ag][cg]TaC[ct]tTtT[cg]ttC[ct]Tt
CC  consensus.regexp.rc: AA[AG]GAA[CG]AAAA[AG]GTA[CG][CT]AA[AT]A
XX
//
AC  MA0050.2_perm2
XX
ID  MA0050.2_perm2
XX
DE  twTTrsTaCytTtTsttCyTt
P0           A         C         G         T
1          198       193        99       872
2          513       245       263       341
3          145       186       114       917
4          316       320       266       460
5            7        14         5      1336
6            0      1249         0       113
7          166       331       151       714
8           12         0         0      1350
9          138       430       148       646
10         735       101       361       165
11          16         1         0      1345
12          17      1023        28       294
13         913        39       238       172
14         251       284       251       576
15         173       324       212       653
16           0        31         0      1331
17          24       792       506        40
18         218       464       291       389
19           0        56         4      1302
20          20       787       345       210
21          11        58         0      1293
XX
CC  residue_type: 
CC  program: transfac
CC  matrix.nb: 1
CC  accession: MA0050.2_perm2
CC  AC: MA0050.2_perm2
CC  id: MA0050.2
CC  name: MA0050.2_perm2
CC  version: 
CC  transfac_consensus: NNNYRSTTTCASTTTCNNTTT
CC  name: MA0050.2_perm2
CC  matrix.nb: 1
CC  consensus.strict: taTTacTaCttTtTcttCcTt
CC  consensus.strict.rc: AAGGAAGAAAAAGTAGTAATA
CC  consensus.IUPAC: twTTrsTaCytTtTsttCyTt
CC  consensus.IUPAC.rc: AARGAASAAAARGTASYAAWA
CC  consensus.regexp: t[at]TT[ag][cg]TaC[ct]tTtT[cg]ttC[ct]Tt
CC  consensus.regexp.rc: AA[AG]GAA[CG]AAAA[AG]GTA[CG][CT]AA[AT]A
XX
//
AC  MA0050.2_perm3
XX
ID  MA0050.2_perm3
XX
DE  twTTrsTaCytTtTsttCyTt
P0           A         C         G         T
1           24       792       506        40
2           16         1         0      1345
3          173       324       212       653
4            0        56         4      1302
5           20       787       345       210
6          251       284       251       576
7          145       186       114       917
8          316       320       266       460
9          218       464       291       389
10         913        39       238       172
11         735       101       361       165
12           0        31         0      1331
13           7        14         5      1336
14          12         0         0      1350
15          17      1023        28       294
16         138       430       148       646
17          11        58         0      1293
18         198       193        99       872
19           0      1249         0       113
20         513       245       263       341
21         166       331       151       714
XX
CC  residue_type: 
CC  program: transfac
CC  matrix.nb: 1
CC  accession: MA0050.2_perm3
CC  AC: MA0050.2_perm3
CC  id: MA0050.2
CC  name: MA0050.2_perm3
CC  version: 
CC  transfac_consensus: NNNYRSTTTCASTTTCNNTTT
CC  name: MA0050.2_perm3
CC  matrix.nb: 1
CC  consensus.strict: taTTacTaCttTtTcttCcTt
CC  consensus.strict.rc: AAGGAAGAAAAAGTAGTAATA
CC  consensus.IUPAC: twTTrsTaCytTtTsttCyTt
CC  consensus.IUPAC.rc: AARGAASAAAARGTASYAAWA
CC  consensus.regexp: t[at]TT[ag][cg]TaC[ct]tTtT[cg]ttC[ct]Tt
CC  consensus.regexp.rc: AA[AG]GAA[CG]AAAA[AG]GTA[CG][CT]AA[AT]A
XX
//
AC  MA0050.2_perm4
XX
ID  MA0050.2_perm4
XX
DE  twTTrsTaCytTtTsttCyTt
P0           A         C         G         T
1           24       792       506        40
2            7        14         5      1336
3           12         0         0      1350
4          218       464       291       389
5          173       324       212       653
6            0        56         4      1302
7          316       320       266       460
8          735       101       361       165
9          166       331       151       714
10         251       284       251       576
11         138       430       148       646
12          20       787       345       210
13          17      1023        28       294
14          11        58         0      1293
15          16         1         0      1345
16           0      1249         0       113
17         145       186       114       917
18         513       245       263       341
19           0        31         0      1331
20         913        39       238       172
21         198       193        99       872
XX
CC  residue_type: 
CC  program: transfac
CC  matrix.nb: 1
CC  accession: MA0050.2_perm4
CC  AC: MA0050.2_perm4
CC  id: MA0050.2
CC  name: MA0050.2_perm4
CC  version: 
CC  transfac_consensus: NNNYRSTTTCASTTTCNNTTT
CC  name: MA0050.2_perm4
CC  matrix.nb: 1
CC  consensus.strict: taTTacTaCttTtTcttCcTt
CC  consensus.strict.rc: AAGGAAGAAAAAGTAGTAATA
CC  consensus.IUPAC: twTTrsTaCytTtTsttCyTt
CC  consensus.IUPAC.rc: AARGAASAAAARGTASYAAWA
CC  consensus.regexp: t[at]TT[ag][cg]TaC[ct]tTtT[cg]ttC[ct]Tt
CC  consensus.regexp.rc: AA[AG]GAA[CG]AAAA[AG]GTA[CG][CT]AA[AT]A
XX
//
AC  MA0050.2_perm5
XX
ID  MA0050.2_perm5
XX
DE  twTTrsTaCytTtTsttCyTt
P0           A         C         G         T
1          735       101       361       165
2          218       464       291       389
3          513       245       263       341
4           11        58         0      1293
5           16         1         0      1345
6          913        39       238       172
7            0      1249         0       113
8          198       193        99       872
9           17      1023        28       294
10          24       792       506        40
11         251       284       251       576
12          20       787       345       210
13          12         0         0      1350
14         145       186       114       917
15           0        56         4      1302
16         173       324       212       653
17           7        14         5      1336
18         166       331       151       714
19         138       430       148       646
20         316       320       266       460
21           0        31         0      1331
XX
CC  residue_type: 
CC  program: transfac
CC  matrix.nb: 1
CC  accession: MA0050.2_perm5
CC  AC: MA0050.2_perm5
CC  id: MA0050.2
CC  name: MA0050.2_perm5
CC  version: 
CC  transfac_consensus: NNNYRSTTTCASTTTCNNTTT
CC  name: MA0050.2_perm5
CC  matrix.nb: 1
CC  consensus.strict: taTTacTaCttTtTcttCcTt
CC  consensus.strict.rc: AAGGAAGAAAAAGTAGTAATA
CC  consensus.IUPAC: twTTrsTaCytTtTsttCyTt
CC  consensus.IUPAC.rc: AARGAASAAAARGTASYAAWA
CC  consensus.regexp: t[at]TT[ag][cg]TaC[ct]tTtT[cg]ttC[ct]Tt
CC  consensus.regexp.rc: AA[AG]GAA[CG]AAAA[AG]GTA[CG][CT]AA[AT]A
XX
//
AC  MA0103.3_perm1
XX
ID  MA0103.3_perm1
XX
DE  GCACsssTssC
P0           A         C         G         T
1          441       178     19381       129
2          114     19195       158       662
3        19905         0       223         1
4           32     19878        97       122
5         1982      9561      5178      3408
6         4685      5550      5179      4715
7         3490      6955      5828      3856
8            4       501       355     19269
9         4258      6117      6601      3153
10        3211      7998      5228      3692
11         193     19257       649        30
XX
CC  residue_type: 
CC  program: transfac
CC  matrix.nb: 2
CC  accession: MA0103.3_perm1
CC  AC: MA0103.3_perm1
CC  id: MA0103.3
CC  name: MA0103.3_perm1
CC  version: 
CC  transfac_consensus: NNCACCTGNNN
CC  name: MA0103.3_perm1
CC  matrix.nb: 2
CC  consensus.strict: GCACcccTgcC
CC  consensus.strict.rc: GGCAGGGGTGC
CC  consensus.IUPAC: GCACsssTssC
CC  consensus.IUPAC.rc: GSSASSSGTGC
CC  consensus.regexp: GCAC[cg][cg][cg]T[cg][cg]C
CC  consensus.regexp.rc: G[CG][CG]A[CG][CG][CG]GTGC
XX
//
AC  MA0103.3_perm2
XX
ID  MA0103.3_perm2
XX
DE  GCACsssTssC
P0           A         C         G         T
1         4258      6117      6601      3153
2           32     19878        97       122
3            4       501       355     19269
4          193     19257       649        30
5         3490      6955      5828      3856
6         3211      7998      5228      3692
7         1982      9561      5178      3408
8         4685      5550      5179      4715
9        19905         0       223         1
10         441       178     19381       129
11         114     19195       158       662
XX
CC  residue_type: 
CC  program: transfac
CC  matrix.nb: 2
CC  accession: MA0103.3_perm2
CC  AC: MA0103.3_perm2
CC  id: MA0103.3
CC  name: MA0103.3_perm2
CC  version: 
CC  transfac_consensus: NNCACCTGNNN
CC  name: MA0103.3_perm2
CC  matrix.nb: 2
CC  consensus.strict: GCACcccTgcC
CC  consensus.strict.rc: GGCAGGGGTGC
CC  consensus.IUPAC: GCACsssTssC
CC  consensus.IUPAC.rc: GSSASSSGTGC
CC  consensus.regexp: GCAC[cg][cg][cg]T[cg][cg]C
CC  consensus.regexp.rc: G[CG][CG]A[CG][CG][CG]GTGC
XX
//
AC  MA0103.3_perm3
XX
ID  MA0103.3_perm3
XX
DE  GCACsssTssC
P0           A         C         G         T
1         3211      7998      5228      3692
2         1982      9561      5178      3408
3          114     19195       158       662
4         4685      5550      5179      4715
5          441       178     19381       129
6         4258      6117      6601      3153
7            4       501       355     19269
8          193     19257       649        30
9         3490      6955      5828      3856
10       19905         0       223         1
11          32     19878        97       122
XX
CC  residue_type: 
CC  program: transfac
CC  matrix.nb: 2
CC  accession: MA0103.3_perm3
CC  AC: MA0103.3_perm3
CC  id: MA0103.3
CC  name: MA0103.3_perm3
CC  version: 
CC  transfac_consensus: NNCACCTGNNN
CC  name: MA0103.3_perm3
CC  matrix.nb: 2
CC  consensus.strict: GCACcccTgcC
CC  consensus.strict.rc: GGCAGGGGTGC
CC  consensus.IUPAC: GCACsssTssC
CC  consensus.IUPAC.rc: GSSASSSGTGC
CC  consensus.regexp: GCAC[cg][cg][cg]T[cg][cg]C
CC  consensus.regexp.rc: G[CG][CG]A[CG][CG][CG]GTGC
XX
//
AC  MA0103.3_perm4
XX
ID  MA0103.3_perm4
XX
DE  GCACsssTssC
P0           A         C         G         T
1          114     19195       158       662
2         4258      6117      6601      3153
3         3211      7998      5228      3692
4          193     19257       649        30
5            4       501       355     19269
6         1982      9561      5178      3408
7           32     19878        97       122
8          441       178     19381       129
9         4685      5550      5179      4715
10        3490      6955      5828      3856
11       19905         0       223         1
XX
CC  residue_type: 
CC  program: transfac
CC  matrix.nb: 2
CC  accession: MA0103.3_perm4
CC  AC: MA0103.3_perm4
CC  id: MA0103.3
CC  name: MA0103.3_perm4
CC  version: 
CC  transfac_consensus: NNCACCTGNNN
CC  name: MA0103.3_perm4
CC  matrix.nb: 2
CC  consensus.strict: GCACcccTgcC
CC  consensus.strict.rc: GGCAGGGGTGC
CC  consensus.IUPAC: GCACsssTssC
CC  consensus.IUPAC.rc: GSSASSSGTGC
CC  consensus.regexp: GCAC[cg][cg][cg]T[cg][cg]C
CC  consensus.regexp.rc: G[CG][CG]A[CG][CG][CG]GTGC
XX
//
AC  MA0103.3_perm5
XX
ID  MA0103.3_perm5
XX
DE  GCACsssTssC
P0           A         C         G         T
1         4685      5550      5179      4715
2          193     19257       649        30
3          114     19195       158       662
4         4258      6117      6601      3153
5           32     19878        97       122
6          441       178     19381       129
7        19905         0       223         1
8            4       501       355     19269
9         1982      9561      5178      3408
10        3211      7998      5228      3692
11        3490      6955      5828      3856
XX
CC  residue_type: 
CC  program: transfac
CC  matrix.nb: 2
CC  accession: MA0103.3_perm5
CC  AC: MA0103.3_perm5
CC  id: MA0103.3
CC  name: MA0103.3_perm5
CC  version: 
CC  transfac_consensus: NNCACCTGNNN
CC  name: MA0103.3_perm5
CC  matrix.nb: 2
CC  consensus.strict: GCACcccTgcC
CC  consensus.strict.rc: GGCAGGGGTGC
CC  consensus.IUPAC: GCACsssTssC
CC  consensus.IUPAC.rc: GSSASSSGTGC
CC  consensus.regexp: GCAC[cg][cg][cg]T[cg][cg]C
CC  consensus.regexp.rc: G[CG][CG]A[CG][CG][CG]GTGC
XX
//
AC  MA0105.4_perm1
XX
ID  MA0105.4_perm1
XX
DE  CGCwCATGtCAGG
P0           A         C         G         T
1          607     11650         1         4
2          142         2     12101        17
3            5     12253         1         3
4         6224        16        28      5994
5            8     12241         3        10
6         8441      2013       990       818
7           17      1016        90     11139
8            6         0     12253         3
9          989      1039      2691      7543
10          21     12072         5       164
11       11397        59       780        26
12           3         0     12059       200
13           0         2     12259         1
XX
CC  residue_type: 
CC  program: transfac
CC  matrix.nb: 3
CC  accession: MA0105.4_perm1
CC  AC: MA0105.4_perm1
CC  id: MA0105.4
CC  name: MA0105.4_perm1
CC  version: 
CC  transfac_consensus: AGGGGAWTCCCCT
CC  name: MA0105.4_perm1
CC  matrix.nb: 3
CC  consensus.strict: CGCaCATGtCAGG
CC  consensus.strict.rc: CCTGACATGTGCG
CC  consensus.IUPAC: CGCwCATGtCAGG
CC  consensus.IUPAC.rc: CCTGACATGWGCG
CC  consensus.regexp: CGC[at]CATGtCAGG
CC  consensus.regexp.rc: CCTGACATG[AT]GCG
XX
//
AC  MA0105.4_perm2
XX
ID  MA0105.4_perm2
XX
DE  CGCwCATGtCAGG
P0           A         C         G         T
1           21     12072         5       164
2          142         2     12101        17
3        11397        59       780        26
4          607     11650         1         4
5          989      1039      2691      7543
6            6         0     12253         3
7           17      1016        90     11139
8            3         0     12059       200
9         8441      2013       990       818
10           0         2     12259         1
11        6224        16        28      5994
12           5     12253         1         3
13           8     12241         3        10
XX
CC  residue_type: 
CC  program: transfac
CC  matrix.nb: 3
CC  accession: MA0105.4_perm2
CC  AC: MA0105.4_perm2
CC  id: MA0105.4
CC  name: MA0105.4_perm2
CC  version: 
CC  transfac_consensus: AGGGGAWTCCCCT
CC  name: MA0105.4_perm2
CC  matrix.nb: 3
CC  consensus.strict: CGCaCATGtCAGG
CC  consensus.strict.rc: CCTGACATGTGCG
CC  consensus.IUPAC: CGCwCATGtCAGG
CC  consensus.IUPAC.rc: CCTGACATGWGCG
CC  consensus.regexp: CGC[at]CATGtCAGG
CC  consensus.regexp.rc: CCTGACATG[AT]GCG
XX
//
AC  MA0105.4_perm3
XX
ID  MA0105.4_perm3
XX
DE  CGCwCATGtCAGG
P0           A         C         G         T
1            0         2     12259         1
2          142         2     12101        17
3            3         0     12059       200
4            8     12241         3        10
5           21     12072         5       164
6            6         0     12253         3
7          989      1039      2691      7543
8         8441      2013       990       818
9            5     12253         1         3
10        6224        16        28      5994
11         607     11650         1         4
12          17      1016        90     11139
13       11397        59       780        26
XX
CC  residue_type: 
CC  program: transfac
CC  matrix.nb: 3
CC  accession: MA0105.4_perm3
CC  AC: MA0105.4_perm3
CC  id: MA0105.4
CC  name: MA0105.4_perm3
CC  version: 
CC  transfac_consensus: AGGGGAWTCCCCT
CC  name: MA0105.4_perm3
CC  matrix.nb: 3
CC  consensus.strict: CGCaCATGtCAGG
CC  consensus.strict.rc: CCTGACATGTGCG
CC  consensus.IUPAC: CGCwCATGtCAGG
CC  consensus.IUPAC.rc: CCTGACATGWGCG
CC  consensus.regexp: CGC[at]CATGtCAGG
CC  consensus.regexp.rc: CCTGACATG[AT]GCG
XX
//
AC  MA0105.4_perm4
XX
ID  MA0105.4_perm4
XX
DE  CGCwCATGtCAGG
P0           A         C         G         T
1          607     11650         1         4
2            3         0     12059       200
3            6         0     12253         3
4          989      1039      2691      7543
5           21     12072         5       164
6           17      1016        90     11139
7          142         2     12101        17
8        11397        59       780        26
9            8     12241         3        10
10           5     12253         1         3
11           0         2     12259         1
12        6224        16        28      5994
13        8441      2013       990       818
XX
CC  residue_type: 
CC  program: transfac
CC  matrix.nb: 3
CC  accession: MA0105.4_perm4
CC  AC: MA0105.4_perm4
CC  id: MA0105.4
CC  name: MA0105.4_perm4
CC  version: 
CC  transfac_consensus: AGGGGAWTCCCCT
CC  name: MA0105.4_perm4
CC  matrix.nb: 3
CC  consensus.strict: CGCaCATGtCAGG
CC  consensus.strict.rc: CCTGACATGTGCG
CC  consensus.IUPAC: CGCwCATGtCAGG
CC  consensus.IUPAC.rc: CCTGACATGWGCG
CC  consensus.regexp: CGC[at]CATGtCAGG
CC  consensus.regexp.rc: CCTGACATG[AT]GCG
XX
//
AC  MA0105.4_perm5
XX
ID  MA0105.4_perm5
XX
DE  CGCwCATGtCAGG
P0           A         C         G         T
1          607     11650         1         4
2            5     12253         1         3
3           17      1016        90     11139
4         6224        16        28      5994
5            3         0     12059       200
6            6         0     12253         3
7         8441      2013       990       818
8            0         2     12259         1
9          142         2     12101        17
10          21     12072         5       164
11         989      1039      2691      7543
12       11397        59       780        26
13           8     12241         3        10
XX
CC  residue_type: 
CC  program: transfac
CC  matrix.nb: 3
CC  accession: MA0105.4_perm5
CC  AC: MA0105.4_perm5
CC  id: MA0105.4
CC  name: MA0105.4_perm5
CC  version: 
CC  transfac_consensus: AGGGGAWTCCCCT
CC  name: MA0105.4_perm5
CC  matrix.nb: 3
CC  consensus.strict: CGCaCATGtCAGG
CC  consensus.strict.rc: CCTGACATGTGCG
CC  consensus.IUPAC: CGCwCATGtCAGG
CC  consensus.IUPAC.rc: CCTGACATGWGCG
CC  consensus.regexp: CGC[at]CATGtCAGG
CC  consensus.regexp.rc: CCTGACATG[AT]GCG
XX
//
AC  MA0137.3_perm1
XX
ID  MA0137.3_perm1
XX
DE  GrGytTACATa
P0           A         C         G         T
1           29         7      3426       167
2         1739         0      1637       253
3          163         0      3466         0
4          109      2009         0      1511
5          366       731       785      1747
6            0         6       110      3513
7         3620         0         9         0
8          361      3262         6         0
9         3624         5         0         0
10           0        52         0      3577
11        1879       311       725       714
XX
CC  residue_type: 
CC  program: transfac
CC  matrix.nb: 4
CC  accession: MA0137.3_perm1
CC  AC: MA0137.3_perm1
CC  id: MA0137.3
CC  name: MA0137.3_perm1
CC  version: 
CC  transfac_consensus: NTTCYRGGAAA
CC  name: MA0137.3_perm1
CC  matrix.nb: 4
CC  consensus.strict: GaGctTACATa
CC  consensus.strict.rc: TATGTAAGCTC
CC  consensus.IUPAC: GrGytTACATa
CC  consensus.IUPAC.rc: TATGTAARCYC
CC  consensus.regexp: G[ag]G[ct]tTACATa
CC  consensus.regexp.rc: TATGTAA[AG]C[CT]C
XX
//
AC  MA0137.3_perm2
XX
ID  MA0137.3_perm2
XX
DE  GrGytTACATa
P0           A         C         G         T
1           29         7      3426       167
2         1739         0      1637       253
3            0         6       110      3513
4          109      2009         0      1511
5          361      3262         6         0
6            0        52         0      3577
7          366       731       785      1747
8         1879       311       725       714
9         3620         0         9         0
10        3624         5         0         0
11         163         0      3466         0
XX
CC  residue_type: 
CC  program: transfac
CC  matrix.nb: 4
CC  accession: MA0137.3_perm2
CC  AC: MA0137.3_perm2
CC  id: MA0137.3
CC  name: MA0137.3_perm2
CC  version: 
CC  transfac_consensus: NTTCYRGGAAA
CC  name: MA0137.3_perm2
CC  matrix.nb: 4
CC  consensus.strict: GaGctTACATa
CC  consensus.strict.rc: TATGTAAGCTC
CC  consensus.IUPAC: GrGytTACATa
CC  consensus.IUPAC.rc: TATGTAARCYC
CC  consensus.regexp: G[ag]G[ct]tTACATa
CC  consensus.regexp.rc: TATGTAA[AG]C[CT]C
XX
//
AC  MA0137.3_perm3
XX
ID  MA0137.3_perm3
XX
DE  GrGytTACATa
P0           A         C         G         T
1          366       731       785      1747
2          109      2009         0      1511
3            0         6       110      3513
4            0        52         0      3577
5         1879       311       725       714
6          361      3262         6         0
7         3620         0         9         0
8          163         0      3466         0
9         3624         5         0         0
10          29         7      3426       167
11        1739         0      1637       253
XX
CC  residue_type: 
CC  program: transfac
CC  matrix.nb: 4
CC  accession: MA0137.3_perm3
CC  AC: MA0137.3_perm3
CC  id: MA0137.3
CC  name: MA0137.3_perm3
CC  version: 
CC  transfac_consensus: NTTCYRGGAAA
CC  name: MA0137.3_perm3
CC  matrix.nb: 4
CC  consensus.strict: GaGctTACATa
CC  consensus.strict.rc: TATGTAAGCTC
CC  consensus.IUPAC: GrGytTACATa
CC  consensus.IUPAC.rc: TATGTAARCYC
CC  consensus.regexp: G[ag]G[ct]tTACATa
CC  consensus.regexp.rc: TATGTAA[AG]C[CT]C
XX
//
AC  MA0137.3_perm4
XX
ID  MA0137.3_perm4
XX
DE  GrGytTACATa
P0           A         C         G         T
1          109      2009         0      1511
2          366       731       785      1747
3           29         7      3426       167
4         3620         0         9         0
5         1879       311       725       714
6         1739         0      1637       253
7          361      3262         6         0
8            0         6       110      3513
9         3624         5         0         0
10         163         0      3466         0
11           0        52         0      3577
XX
CC  residue_type: 
CC  program: transfac
CC  matrix.nb: 4
CC  accession: MA0137.3_perm4
CC  AC: MA0137.3_perm4
CC  id: MA0137.3
CC  name: MA0137.3_perm4
CC  version: 
CC  transfac_consensus: NTTCYRGGAAA
CC  name: MA0137.3_perm4
CC  matrix.nb: 4
CC  consensus.strict: GaGctTACATa
CC  consensus.strict.rc: TATGTAAGCTC
CC  consensus.IUPAC: GrGytTACATa
CC  consensus.IUPAC.rc: TATGTAARCYC
CC  consensus.regexp: G[ag]G[ct]tTACATa
CC  consensus.regexp.rc: TATGTAA[AG]C[CT]C
XX
//
AC  MA0137.3_perm5
XX
ID  MA0137.3_perm5
XX
DE  GrGytTACATa
P0           A         C         G         T
1          361      3262         6         0
2          366       731       785      1747
3            0        52         0      3577
4         3624         5         0         0
5           29         7      3426       167
6            0         6       110      3513
7         1879       311       725       714
8          109      2009         0      1511
9          163         0      3466         0
10        1739         0      1637       253
11        3620         0         9         0
XX
CC  residue_type: 
CC  program: transfac
CC  matrix.nb: 4
CC  accession: MA0137.3_perm5
CC  AC: MA0137.3_perm5
CC  id: MA0137.3
CC  name: MA0137.3_perm5
CC  version: 
CC  transfac_consensus: NTTCYRGGAAA
CC  name: MA0137.3_perm5
CC  matrix.nb: 4
CC  consensus.strict: GaGctTACATa
CC  consensus.strict.rc: TATGTAAGCTC
CC  consensus.IUPAC: GrGytTACATa
CC  consensus.IUPAC.rc: TATGTAARCYC
CC  consensus.regexp: G[ag]G[ct]tTACATa
CC  consensus.regexp.rc: TATGTAA[AG]C[CT]C
XX
//
AC  MA0144.2_perm1
XX
ID  MA0144.2_perm1
XX
DE  GKyryAACkTG
P0           A         C         G         T
1         1574         0     20046         0
2          250       346      5850     15174
3         1936      8571      3801      7312
4         9311       962      6579      4768
5          840      7780         0     13000
6        21620         0         0         0
7        21620         0         0         0
8         1006     19585         0      1029
9         3692         0     11456      6472
10         708         0         0     20912
11        2532         0     18686       402
XX
CC  residue_type: 
CC  program: transfac
CC  matrix.nb: 5
CC  accession: MA0144.2_perm1
CC  AC: MA0144.2_perm1
CC  id: MA0144.2
CC  name: MA0144.2_perm1
CC  version: 
CC  transfac_consensus: NTKCYKGGAAN
CC  name: MA0144.2_perm1
CC  matrix.nb: 5
CC  consensus.strict: GTcatAACgTG
CC  consensus.strict.rc: CACGTTATGAC
CC  consensus.IUPAC: GKyryAACkTG
CC  consensus.IUPAC.rc: CAMGTTRYRMC
CC  consensus.regexp: G[GT][ct][ag][ct]AAC[gt]TG
CC  consensus.regexp.rc: CA[AC]GTT[AG][CT][AG][AC]C
XX
//
AC  MA0144.2_perm2
XX
ID  MA0144.2_perm2
XX
DE  GKyryAACkTG
P0           A         C         G         T
1        21620         0         0         0
2          708         0         0     20912
3        21620         0         0         0
4         1006     19585         0      1029
5         3692         0     11456      6472
6          250       346      5850     15174
7         2532         0     18686       402
8         9311       962      6579      4768
9         1574         0     20046         0
10        1936      8571      3801      7312
11         840      7780         0     13000
XX
CC  residue_type: 
CC  program: transfac
CC  matrix.nb: 5
CC  accession: MA0144.2_perm2
CC  AC: MA0144.2_perm2
CC  id: MA0144.2
CC  name: MA0144.2_perm2
CC  version: 
CC  transfac_consensus: NTKCYKGGAAN
CC  name: MA0144.2_perm2
CC  matrix.nb: 5
CC  consensus.strict: GTcatAACgTG
CC  consensus.strict.rc: CACGTTATGAC
CC  consensus.IUPAC: GKyryAACkTG
CC  consensus.IUPAC.rc: CAMGTTRYRMC
CC  consensus.regexp: G[GT][ct][ag][ct]AAC[gt]TG
CC  consensus.regexp.rc: CA[AC]GTT[AG][CT][AG][AC]C
XX
//
AC  MA0144.2_perm3
XX
ID  MA0144.2_perm3
XX
DE  GKyryAACkTG
P0           A         C         G         T
1         3692         0     11456      6472
2          708         0         0     20912
3        21620         0         0         0
4          840      7780         0     13000
5          250       346      5850     15174
6         2532         0     18686       402
7         9311       962      6579      4768
8         1936      8571      3801      7312
9        21620         0         0         0
10        1006     19585         0      1029
11        1574         0     20046         0
XX
CC  residue_type: 
CC  program: transfac
CC  matrix.nb: 5
CC  accession: MA0144.2_perm3
CC  AC: MA0144.2_perm3
CC  id: MA0144.2
CC  name: MA0144.2_perm3
CC  version: 
CC  transfac_consensus: NTKCYKGGAAN
CC  name: MA0144.2_perm3
CC  matrix.nb: 5
CC  consensus.strict: GTcatAACgTG
CC  consensus.strict.rc: CACGTTATGAC
CC  consensus.IUPAC: GKyryAACkTG
CC  consensus.IUPAC.rc: CAMGTTRYRMC
CC  consensus.regexp: G[GT][ct][ag][ct]AAC[gt]TG
CC  consensus.regexp.rc: CA[AC]GTT[AG][CT][AG][AC]C
XX
//
AC  MA0144.2_perm4
XX
ID  MA0144.2_perm4
XX
DE  GKyryAACkTG
P0           A         C         G         T
1         1006     19585         0      1029
2          840      7780         0     13000
3         9311       962      6579      4768
4        21620         0         0         0
5          250       346      5850     15174
6          708         0         0     20912
7         3692         0     11456      6472
8         1936      8571      3801      7312
9        21620         0         0         0
10        2532         0     18686       402
11        1574         0     20046         0
XX
CC  residue_type: 
CC  program: transfac
CC  matrix.nb: 5
CC  accession: MA0144.2_perm4
CC  AC: MA0144.2_perm4
CC  id: MA0144.2
CC  name: MA0144.2_perm4
CC  version: 
CC  transfac_consensus: NTKCYKGGAAN
CC  name: MA0144.2_perm4
CC  matrix.nb: 5
CC  consensus.strict: GTcatAACgTG
CC  consensus.strict.rc: CACGTTATGAC
CC  consensus.IUPAC: GKyryAACkTG
CC  consensus.IUPAC.rc: CAMGTTRYRMC
CC  consensus.regexp: G[GT][ct][ag][ct]AAC[gt]TG
CC  consensus.regexp.rc: CA[AC]GTT[AG][CT][AG][AC]C
XX
//
AC  MA0144.2_perm5
XX
ID  MA0144.2_perm5
XX
DE  GKyryAACkTG
P0           A         C         G         T
1        21620         0         0         0
2         3692         0     11456      6472
3         9311       962      6579      4768
4         1936      8571      3801      7312
5          840      7780         0     13000
6          250       346      5850     15174
7         1574         0     20046         0
8        21620         0         0         0
9          708         0         0     20912
10        1006     19585         0      1029
11        2532         0     18686       402
XX
CC  residue_type: 
CC  program: transfac
CC  matrix.nb: 5
CC  accession: MA0144.2_perm5
CC  AC: MA0144.2_perm5
CC  id: MA0144.2
CC  name: MA0144.2_perm5
CC  version: 
CC  transfac_consensus: NTKCYKGGAAN
CC  name: MA0144.2_perm5
CC  matrix.nb: 5
CC  consensus.strict: GTcatAACgTG
CC  consensus.strict.rc: CACGTTATGAC
CC  consensus.IUPAC: GKyryAACkTG
CC  consensus.IUPAC.rc: CAMGTTRYRMC
CC  consensus.regexp: G[GT][ct][ag][ct]AAC[gt]TG
CC  consensus.regexp.rc: CA[AC]GTT[AG][CT][AG][AC]C
XX
//
AC  MA0158.2_perm1
XX
ID  MA0158.2_perm1
XX
DE  TyTsAAsm
P0           A         C         G         T
1            0         0       690      2440
2            0      1052         0      2078
3            0         0         0      3130
4          480      1463      1133        54
5         3130         0         0         0
6         3130         0         0         0
7          142       832      1759       397
8         2023      1055        52         0
XX
CC  residue_type: 
CC  program: transfac
CC  matrix.nb: 6
CC  accession: MA0158.2_perm1
CC  AC: MA0158.2_perm1
CC  id: MA0158.2
CC  name: MA0158.2_perm1
CC  version: 
CC  transfac_consensus: SYMATTAS
CC  name: MA0158.2_perm1
CC  matrix.nb: 6
CC  consensus.strict: TtTcAAga
CC  consensus.strict.rc: TCTTGAAA
CC  consensus.IUPAC: TyTsAAsm
CC  consensus.IUPAC.rc: KSTTSARA
CC  consensus.regexp: T[ct]T[cg]AA[cg][ac]
CC  consensus.regexp.rc: [GT][CG]TT[CG]A[AG]A
XX
//
AC  MA0158.2_perm2
XX
ID  MA0158.2_perm2
XX
DE  TyTsAAsm
P0           A         C         G         T
1          142       832      1759       397
2         3130         0         0         0
3            0         0         0      3130
4         2023      1055        52         0
5         3130         0         0         0
6            0         0       690      2440
7            0      1052         0      2078
8          480      1463      1133        54
XX
CC  residue_type: 
CC  program: transfac
CC  matrix.nb: 6
CC  accession: MA0158.2_perm2
CC  AC: MA0158.2_perm2
CC  id: MA0158.2
CC  name: MA0158.2_perm2
CC  version: 
CC  transfac_consensus: SYMATTAS
CC  name: MA0158.2_perm2
CC  matrix.nb: 6
CC  consensus.strict: TtTcAAga
CC  consensus.strict.rc: TCTTGAAA
CC  consensus.IUPAC: TyTsAAsm
CC  consensus.IUPAC.rc: KSTTSARA
CC  consensus.regexp: T[ct]T[cg]AA[cg][ac]
CC  consensus.regexp.rc: [GT][CG]TT[CG]A[AG]A
XX
//
AC  MA0158.2_perm3
XX
ID  MA0158.2_perm3
XX
DE  TyTsAAsm
P0           A         C         G         T
1            0         0       690      2440
2          142       832      1759       397
3            0         0         0      3130
4         2023      1055        52         0
5          480      1463      1133        54
6         3130         0         0         0
7         3130         0         0         0
8            0      1052         0      2078
XX
CC  residue_type: 
CC  program: transfac
CC  matrix.nb: 6
CC  accession: MA0158.2_perm3
CC  AC: MA0158.2_perm3
CC  id: MA0158.2
CC  name: MA0158.2_perm3
CC  version: 
CC  transfac_consensus: SYMATTAS
CC  name: MA0158.2_perm3
CC  matrix.nb: 6
CC  consensus.strict: TtTcAAga
CC  consensus.strict.rc: TCTTGAAA
CC  consensus.IUPAC: TyTsAAsm
CC  consensus.IUPAC.rc: KSTTSARA
CC  consensus.regexp: T[ct]T[cg]AA[cg][ac]
CC  consensus.regexp.rc: [GT][CG]TT[CG]A[AG]A
XX
//
AC  MA0158.2_perm4
XX
ID  MA0158.2_perm4
XX
DE  TyTsAAsm
P0           A         C         G         T
1          142       832      1759       397
2            0         0         0      3130
3          480      1463      1133        54
4         2023      1055        52         0
5            0         0       690      2440
6            0      1052         0      2078
7         3130         0         0         0
8         3130         0         0         0
XX
CC  residue_type: 
CC  program: transfac
CC  matrix.nb: 6
CC  accession: MA0158.2_perm4
CC  AC: MA0158.2_perm4
CC  id: MA0158.2
CC  name: MA0158.2_perm4
CC  version: 
CC  transfac_consensus: SYMATTAS
CC  name: MA0158.2_perm4
CC  matrix.nb: 6
CC  consensus.strict: TtTcAAga
CC  consensus.strict.rc: TCTTGAAA
CC  consensus.IUPAC: TyTsAAsm
CC  consensus.IUPAC.rc: KSTTSARA
CC  consensus.regexp: T[ct]T[cg]AA[cg][ac]
CC  consensus.regexp.rc: [GT][CG]TT[CG]A[AG]A
XX
//
AC  MA0158.2_perm5
XX
ID  MA0158.2_perm5
XX
DE  TyTsAAsm
P0           A         C         G         T
1          480      1463      1133        54
2         3130         0         0         0
3          142       832      1759       397
4            0         0         0      3130
5            0      1052         0      2078
6         2023      1055        52         0
7            0         0       690      2440
8         3130         0         0         0
XX
CC  residue_type: 
CC  program: transfac
CC  matrix.nb: 6
CC  accession: MA0158.2_perm5
CC  AC: MA0158.2_perm5
CC  id: MA0158.2
CC  name: MA0158.2_perm5
CC  version: 
CC  transfac_consensus: SYMATTAS
CC  name: MA0158.2_perm5
CC  matrix.nb: 6
CC  consensus.strict: TtTcAAga
CC  consensus.strict.rc: TCTTGAAA
CC  consensus.IUPAC: TyTsAAsm
CC  consensus.IUPAC.rc: KSTTSARA
CC  consensus.regexp: T[ct]T[cg]AA[cg][ac]
CC  consensus.regexp.rc: [GT][CG]TT[CG]A[AG]A
XX
//
AC  MA0476.1_perm1
XX
ID  MA0476.1_perm1
XX
DE  bAvTTCsTAGd
P0           A         C         G         T
1         4006      8236      7897      9257
2        29396         0         0         0
3         7475     10177     10841       903
4          258      5823      1538     21777
5            0         0         0     29396
6            0     29396         0         0
7          998     14079     11206      3113
8            0         0         0     29396
9        29396         0         0         0
10           0         0     27108      2288
11        7879       712      9686     11119
XX
CC  residue_type: 
CC  program: transfac
CC  matrix.nb: 7
CC  accession: MA0476.1_perm1
CC  AC: MA0476.1_perm1
CC  id: MA0476.1
CC  name: MA0476.1_perm1
CC  version: 
CC  transfac_consensus: DVTGASTCATB
CC  name: MA0476.1_perm1
CC  matrix.nb: 7
CC  consensus.strict: tAgTTCcTAGt
CC  consensus.strict.rc: ACTAGGAACTA
CC  consensus.IUPAC: bAvTTCsTAGd
CC  consensus.IUPAC.rc: HCTASGAABTV
CC  consensus.regexp: [cgt]A[acg]TTC[cg]TAG[agt]
CC  consensus.regexp.rc: [ACT]CTA[CG]GAA[CGT]T[ACG]
XX
//
AC  MA0476.1_perm2
XX
ID  MA0476.1_perm2
XX
DE  bAvTTCsTAGd
P0           A         C         G         T
1         7879       712      9686     11119
2        29396         0         0         0
3          998     14079     11206      3113
4          258      5823      1538     21777
5            0         0     27108      2288
6            0         0         0     29396
7            0     29396         0         0
8         4006      8236      7897      9257
9         7475     10177     10841       903
10           0         0         0     29396
11       29396         0         0         0
XX
CC  residue_type: 
CC  program: transfac
CC  matrix.nb: 7
CC  accession: MA0476.1_perm2
CC  AC: MA0476.1_perm2
CC  id: MA0476.1
CC  name: MA0476.1_perm2
CC  version: 
CC  transfac_consensus: DVTGASTCATB
CC  name: MA0476.1_perm2
CC  matrix.nb: 7
CC  consensus.strict: tAgTTCcTAGt
CC  consensus.strict.rc: ACTAGGAACTA
CC  consensus.IUPAC: bAvTTCsTAGd
CC  consensus.IUPAC.rc: HCTASGAABTV
CC  consensus.regexp: [cgt]A[acg]TTC[cg]TAG[agt]
CC  consensus.regexp.rc: [ACT]CTA[CG]GAA[CGT]T[ACG]
XX
//
AC  MA0476.1_perm3
XX
ID  MA0476.1_perm3
XX
DE  bAvTTCsTAGd
P0           A         C         G         T
1          998     14079     11206      3113
2         4006      8236      7897      9257
3            0         0         0     29396
4         7879       712      9686     11119
5        29396         0         0         0
6            0     29396         0         0
7            0         0     27108      2288
8         7475     10177     10841       903
9            0         0         0     29396
10       29396         0         0         0
11         258      5823      1538     21777
XX
CC  residue_type: 
CC  program: transfac
CC  matrix.nb: 7
CC  accession: MA0476.1_perm3
CC  AC: MA0476.1_perm3
CC  id: MA0476.1
CC  name: MA0476.1_perm3
CC  version: 
CC  transfac_consensus: DVTGASTCATB
CC  name: MA0476.1_perm3
CC  matrix.nb: 7
CC  consensus.strict: tAgTTCcTAGt
CC  consensus.strict.rc: ACTAGGAACTA
CC  consensus.IUPAC: bAvTTCsTAGd
CC  consensus.IUPAC.rc: HCTASGAABTV
CC  consensus.regexp: [cgt]A[acg]TTC[cg]TAG[agt]
CC  consensus.regexp.rc: [ACT]CTA[CG]GAA[CGT]T[ACG]
XX
//
AC  MA0476.1_perm4
XX
ID  MA0476.1_perm4
XX
DE  bAvTTCsTAGd
P0           A         C         G         T
1        29396         0         0         0
2          998     14079     11206      3113
3            0         0         0     29396
4         4006      8236      7897      9257
5        29396         0         0         0
6            0         0     27108      2288
7         7475     10177     10841       903
8         7879       712      9686     11119
9            0         0         0     29396
10           0     29396         0         0
11         258      5823      1538     21777
XX
CC  residue_type: 
CC  program: transfac
CC  matrix.nb: 7
CC  accession: MA0476.1_perm4
CC  AC: MA0476.1_perm4
CC  id: MA0476.1
CC  name: MA0476.1_perm4
CC  version: 
CC  transfac_consensus: DVTGASTCATB
CC  name: MA0476.1_perm4
CC  matrix.nb: 7
CC  consensus.strict: tAgTTCcTAGt
CC  consensus.strict.rc: ACTAGGAACTA
CC  consensus.IUPAC: bAvTTCsTAGd
CC  consensus.IUPAC.rc: HCTASGAABTV
CC  consensus.regexp: [cgt]A[acg]TTC[cg]TAG[agt]
CC  consensus.regexp.rc: [ACT]CTA[CG]GAA[CGT]T[ACG]
XX
//
AC  MA0476.1_perm5
XX
ID  MA0476.1_perm5
XX
DE  bAvTTCsTAGd
P0           A         C         G         T
1            0         0         0     29396
2            0     29396         0         0
3            0         0         0     29396
4          258      5823      1538     21777
5          998     14079     11206      3113
6        29396         0         0         0
7            0         0     27108      2288
8         7475     10177     10841       903
9        29396         0         0         0
10        4006      8236      7897      9257
