AC  MA0002.2_perm1
XX
ID  MA0002.2_perm1
XX
DE  twGGtkyGtTT
P0           A         C         G         T
1           10       400       251      1339
2          500       158       289      1053
3            0         0      1987        13
4           17        42      1848        93
5          131       463        81      1325
6          287       496       696       521
7          123      1072       149       656
8            0        75      1872        53
9          234       485       467       814
10          87       127        70      1716
11          57         0         7      1936
XX
CC  residue_type: 
CC  program: transfac
CC  matrix.nb: 1
CC  accession: MA0002.2_perm1
CC  AC: MA0002.2_perm1
CC  id: MA0002.2
CC  name: MA0002.2_perm1
CC  version: 
CC  transfac_consensus: NNYTGTGGTTT
CC  name: MA0002.2_perm1
CC  matrix.nb: 1
CC  consensus.strict: ttGGtgcGtTT
CC  consensus.strict.rc: AAACGCACCAA
CC  consensus.IUPAC: twGGtkyGtTT
CC  consensus.IUPAC.rc: AAACRMACCWA
CC  consensus.regexp: t[at]GGt[gt][ct]GtTT
CC  consensus.regexp.rc: AAAC[AG][AC]ACC[AT]A
XX
//
AC  MA0002.2_perm2
XX
ID  MA0002.2_perm2
XX
DE  twGGtkyGtTT
P0           A         C         G         T
1            0        75      1872        53
2          131       463        81      1325
3           57         0         7      1936
4           17        42      1848        93
5          500       158       289      1053
6           10       400       251      1339
7           87       127        70      1716
8          234       485       467       814
9          287       496       696       521
10           0         0      1987        13
11         123      1072       149       656
XX
CC  residue_type: 
CC  program: transfac
CC  matrix.nb: 1
CC  accession: MA0002.2_perm2
CC  AC: MA0002.2_perm2
CC  id: MA0002.2
CC  name: MA0002.2_perm2
CC  version: 
CC  transfac_consensus: NNYTGTGGTTT
CC  name: MA0002.2_perm2
CC  matrix.nb: 1
CC  consensus.strict: ttGGtgcGtTT
CC  consensus.strict.rc: AAACGCACCAA
CC  consensus.IUPAC: twGGtkyGtTT
CC  consensus.IUPAC.rc: AAACRMACCWA
CC  consensus.regexp: t[at]GGt[gt][ct]GtTT
CC  consensus.regexp.rc: AAAC[AG][AC]ACC[AT]A
XX
//
AC  MA0002.2_perm3
XX
ID  MA0002.2_perm3
XX
DE  twGGtkyGtTT
P0           A         C         G         T
1           10       400       251      1339
2          500       158       289      1053
3           57         0         7      1936
4           17        42      1848        93
5          131       463        81      1325
6            0        75      1872        53
7          234       485       467       814
8          123      1072       149       656
9            0         0      1987        13
10          87       127        70      1716
11         287       496       696       521
XX
CC  residue_type: 
CC  program: transfac
CC  matrix.nb: 1
CC  accession: MA0002.2_perm3
CC  AC: MA0002.2_perm3
CC  id: MA0002.2
CC  name: MA0002.2_perm3
CC  version: 
CC  transfac_consensus: NNYTGTGGTTT
CC  name: MA0002.2_perm3
CC  matrix.nb: 1
CC  consensus.strict: ttGGtgcGtTT
CC  consensus.strict.rc: AAACGCACCAA
CC  consensus.IUPAC: twGGtkyGtTT
CC  consensus.IUPAC.rc: AAACRMACCWA
CC  consensus.regexp: t[at]GGt[gt][ct]GtTT
CC  consensus.regexp.rc: AAAC[AG][AC]ACC[AT]A
XX
//
AC  MA0002.2_perm4
XX
ID  MA0002.2_perm4
XX
DE  twGGtkyGtTT
P0           A         C         G         T
1          131       463        81      1325
2            0         0      1987        13
3          234       485       467       814
4          123      1072       149       656
5           10       400       251      1339
6            0        75      1872        53
7           87       127        70      1716
8           17        42      1848        93
9          500       158       289      1053
10         287       496       696       521
11          57         0         7      1936
XX
CC  residue_type: 
CC  program: transfac
CC  matrix.nb: 1
CC  accession: MA0002.2_perm4
CC  AC: MA0002.2_perm4
CC  id: MA0002.2
CC  name: MA0002.2_perm4
CC  version: 
CC  transfac_consensus: NNYTGTGGTTT
CC  name: MA0002.2_perm4
CC  matrix.nb: 1
CC  consensus.strict: ttGGtgcGtTT
CC  consensus.strict.rc: AAACGCACCAA
CC  consensus.IUPAC: twGGtkyGtTT
CC  consensus.IUPAC.rc: AAACRMACCWA
CC  consensus.regexp: t[at]GGt[gt][ct]GtTT
CC  consensus.regexp.rc: AAAC[AG][AC]ACC[AT]A
XX
//
AC  MA0002.2_perm5
XX
ID  MA0002.2_perm5
XX
DE  twGGtkyGtTT
P0           A         C         G         T
1          234       485       467       814
2           87       127        70      1716
3           17        42      1848        93
4           57         0         7      1936
5            0        75      1872        53
6          131       463        81      1325
7            0         0      1987        13
8           10       400       251      1339
9          287       496       696       521
10         500       158       289      1053
11         123      1072       149       656
XX
CC  residue_type: 
CC  program: transfac
CC  matrix.nb: 1
CC  accession: MA0002.2_perm5
CC  AC: MA0002.2_perm5
CC  id: MA0002.2
CC  name: MA0002.2_perm5
CC  version: 
CC  transfac_consensus: NNYTGTGGTTT
CC  name: MA0002.2_perm5
CC  matrix.nb: 1
CC  consensus.strict: ttGGtgcGtTT
CC  consensus.strict.rc: AAACGCACCAA
CC  consensus.IUPAC: twGGtkyGtTT
CC  consensus.IUPAC.rc: AAACRMACCWA
CC  consensus.regexp: t[at]GGt[gt][ct]GtTT
CC  consensus.regexp.rc: AAAC[AG][AC]ACC[AT]A
XX
//
AC  MA0017.2_perm1
XX
ID  MA0017.2_perm1
XX
DE  rGCRaArGGTcrm
P0           A         C         G         T
1         6385      4814      7575      4730
2            0         0     23504         0
3            0     23504         0         0
4        16252         0      7252         0
5        14162      3298      2247      3797
6        23328         0       176         0
7         6294      5781      8566      2863
8            0        58     23446         0
9         2729      1399     17711      1665
10           0         0         0     23504
11        4802     11446      3276      3980
12       12345       754      9491       914
13        9972      5954      3154      4424
XX
CC  residue_type: 
CC  program: transfac
CC  matrix.nb: 2
CC  accession: MA0017.2_perm1
CC  AC: MA0017.2_perm1
CC  id: MA0017.2
CC  name: MA0017.2_perm1
CC  version: 
CC  transfac_consensus: NARRGGTCANNNG
CC  name: MA0017.2_perm1
CC  matrix.nb: 2
CC  consensus.strict: gGCAaAgGGTcaa
CC  consensus.strict.rc: TTGACCCTTTGCC
CC  consensus.IUPAC: rGCRaArGGTcrm
CC  consensus.IUPAC.rc: KYGACCYTTYGCY
CC  consensus.regexp: [ag]GC[AG]aA[ag]GGTc[ag][ac]
CC  consensus.regexp.rc: [GT][CT]GACC[CT]TT[CT]GC[CT]
XX
//
AC  MA0017.2_perm2
XX
ID  MA0017.2_perm2
XX
DE  rGCRaArGGTcrm
P0           A         C         G         T
1        12345       754      9491       914
2        23328         0       176         0
3            0         0     23504         0
4         4802     11446      3276      3980
5         9972      5954      3154      4424
6            0         0         0     23504
7         6385      4814      7575      4730
8        16252         0      7252         0
9        14162      3298      2247      3797
10        2729      1399     17711      1665
11        6294      5781      8566      2863
12           0        58     23446         0
13           0     23504         0         0
XX
CC  residue_type: 
CC  program: transfac
CC  matrix.nb: 2
CC  accession: MA0017.2_perm2
CC  AC: MA0017.2_perm2
CC  id: MA0017.2
CC  name: MA0017.2_perm2
CC  version: 
CC  transfac_consensus: NARRGGTCANNNG
CC  name: MA0017.2_perm2
CC  matrix.nb: 2
CC  consensus.strict: gGCAaAgGGTcaa
CC  consensus.strict.rc: TTGACCCTTTGCC
CC  consensus.IUPAC: rGCRaArGGTcrm
CC  consensus.IUPAC.rc: KYGACCYTTYGCY
CC  consensus.regexp: [ag]GC[AG]aA[ag]GGTc[ag][ac]
CC  consensus.regexp.rc: [GT][CT]GACC[CT]TT[CT]GC[CT]
XX
//
AC  MA0017.2_perm3
XX
ID  MA0017.2_perm3
XX
DE  rGCRaArGGTcrm
P0           A         C         G         T
1        12345       754      9491       914
2         6294      5781      8566      2863
3         9972      5954      3154      4424
4        14162      3298      2247      3797
5        16252         0      7252         0
6        23328         0       176         0
7            0         0         0     23504
8            0        58     23446         0
9            0     23504         0         0
10           0         0     23504         0
11        4802     11446      3276      3980
12        2729      1399     17711      1665
13        6385      4814      7575      4730
XX
CC  residue_type: 
CC  program: transfac
CC  matrix.nb: 2
CC  accession: MA0017.2_perm3
CC  AC: MA0017.2_perm3
CC  id: MA0017.2
CC  name: MA0017.2_perm3
CC  version: 
CC  transfac_consensus: NARRGGTCANNNG
CC  name: MA0017.2_perm3
CC  matrix.nb: 2
CC  consensus.strict: gGCAaAgGGTcaa
CC  consensus.strict.rc: TTGACCCTTTGCC
CC  consensus.IUPAC: rGCRaArGGTcrm
CC  consensus.IUPAC.rc: KYGACCYTTYGCY
CC  consensus.regexp: [ag]GC[AG]aA[ag]GGTc[ag][ac]
CC  consensus.regexp.rc: [GT][CT]GACC[CT]TT[CT]GC[CT]
XX
//
AC  MA0017.2_perm4
XX
ID  MA0017.2_perm4
XX
DE  rGCRaArGGTcrm
P0           A         C         G         T
1        23328         0       176         0
2            0        58     23446         0
3        12345       754      9491       914
4        16252         0      7252         0
5        14162      3298      2247      3797
6         6385      4814      7575      4730
7            0         0     23504         0
8         6294      5781      8566      2863
9         2729      1399     17711      1665
10        9972      5954      3154      4424
11           0     23504         0         0
12           0         0         0     23504
13        4802     11446      3276      3980
XX
CC  residue_type: 
CC  program: transfac
CC  matrix.nb: 2
CC  accession: MA0017.2_perm4
CC  AC: MA0017.2_perm4
CC  id: MA0017.2
CC  name: MA0017.2_perm4
CC  version: 
CC  transfac_consensus: NARRGGTCANNNG
CC  name: MA0017.2_perm4
CC  matrix.nb: 2
CC  consensus.strict: gGCAaAgGGTcaa
CC  consensus.strict.rc: TTGACCCTTTGCC
CC  consensus.IUPAC: rGCRaArGGTcrm
CC  consensus.IUPAC.rc: KYGACCYTTYGCY
CC  consensus.regexp: [ag]GC[AG]aA[ag]GGTc[ag][ac]
CC  consensus.regexp.rc: [GT][CT]GACC[CT]TT[CT]GC[CT]
XX
//
AC  MA0017.2_perm5
XX
ID  MA0017.2_perm5
XX
DE  rGCRaArGGTcrm
P0           A         C         G         T
1         6385      4814      7575      4730
2        12345       754      9491       914
3            0         0     23504         0
4            0        58     23446         0
5        16252         0      7252         0
6        23328         0       176         0
7            0         0         0     23504
8         4802     11446      3276      3980
9         9972      5954      3154      4424
10        6294      5781      8566      2863
11        2729      1399     17711      1665
12           0     23504         0         0
13       14162      3298      2247      3797
XX
CC  residue_type: 
CC  program: transfac
CC  matrix.nb: 2
CC  accession: MA0017.2_perm5
CC  AC: MA0017.2_perm5
CC  id: MA0017.2
CC  name: MA0017.2_perm5
CC  version: 
CC  transfac_consensus: NARRGGTCANNNG
CC  name: MA0017.2_perm5
CC  matrix.nb: 2
CC  consensus.strict: gGCAaAgGGTcaa
CC  consensus.strict.rc: TTGACCCTTTGCC
CC  consensus.IUPAC: rGCRaArGGTcrm
CC  consensus.IUPAC.rc: KYGACCYTTYGCY
CC  consensus.regexp: [ag]GC[AG]aA[ag]GGTc[ag][ac]
CC  consensus.regexp.rc: [GT][CT]GACC[CT]TT[CT]GC[CT]
XX
//
AC  MA0024.3_perm1
XX
ID  MA0024.3_perm1
XX
DE  CtataCGCGatG
P0           A         C         G         T
1            0      1020         0         3
2          241        46       100       636
3          629        99        71       224
4          254       115        89       565
5          571        68       130       254
6            3       991        29         0
7            0         1      1022         0
8            0       877        70        76
9            0        33       990         0
10         642       210        25       146
11         209        36       146       632
12          54        72       896         1
XX
CC  residue_type: 
CC  program: transfac
CC  matrix.nb: 3
CC  accession: MA0024.3_perm1
CC  AC: MA0024.3_perm1
CC  id: MA0024.3
CC  name: MA0024.3_perm1
CC  version: 
CC  transfac_consensus: TTTGGCGCCAAA
CC  name: MA0024.3_perm1
CC  matrix.nb: 3
CC  consensus.strict: CtataCGCGatG
CC  consensus.strict.rc: CATCGCGTATAG
CC  consensus.IUPAC: CtataCGCGatG
CC  consensus.IUPAC.rc: CATCGCGTATAG
CC  consensus.regexp: CtataCGCGatG
CC  consensus.regexp.rc: CATCGCGTATAG
XX
//
AC  MA0024.3_perm2
XX
ID  MA0024.3_perm2
XX
DE  CtataCGCGatG
P0           A         C         G         T
1          241        46       100       636
2            0       877        70        76
3          209        36       146       632
4            3       991        29         0
5            0         1      1022         0
6           54        72       896         1
7          629        99        71       224
8            0        33       990         0
9          254       115        89       565
10           0      1020         0         3
11         642       210        25       146
12         571        68       130       254
XX
CC  residue_type: 
CC  program: transfac
CC  matrix.nb: 3
CC  accession: MA0024.3_perm2
CC  AC: MA0024.3_perm2
CC  id: MA0024.3
CC  name: MA0024.3_perm2
CC  version: 
CC  transfac_consensus: TTTGGCGCCAAA
CC  name: MA0024.3_perm2
CC  matrix.nb: 3
CC  consensus.strict: CtataCGCGatG
CC  consensus.strict.rc: CATCGCGTATAG
CC  consensus.IUPAC: CtataCGCGatG
CC  consensus.IUPAC.rc: CATCGCGTATAG
CC  consensus.regexp: CtataCGCGatG
CC  consensus.regexp.rc: CATCGCGTATAG
XX
//
AC  MA0024.3_perm3
XX
ID  MA0024.3_perm3
XX
DE  CtataCGCGatG
P0           A         C         G         T
1           54        72       896         1
2            0      1020         0         3
3            3       991        29         0
4          241        46       100       636
5            0         1      1022         0
6            0       877        70        76
7            0        33       990         0
8          254       115        89       565
9          571        68       130       254
10         642       210        25       146
11         209        36       146       632
12         629        99        71       224
XX
CC  residue_type: 
CC  program: transfac
CC  matrix.nb: 3
CC  accession: MA0024.3_perm3
CC  AC: MA0024.3_perm3
CC  id: MA0024.3
CC  name: MA0024.3_perm3
CC  version: 
CC  transfac_consensus: TTTGGCGCCAAA
CC  name: MA0024.3_perm3
CC  matrix.nb: 3
CC  consensus.strict: CtataCGCGatG
CC  consensus.strict.rc: CATCGCGTATAG
CC  consensus.IUPAC: CtataCGCGatG
CC  consensus.IUPAC.rc: CATCGCGTATAG
CC  consensus.regexp: CtataCGCGatG
CC  consensus.regexp.rc: CATCGCGTATAG
XX
//
AC  MA0024.3_perm4
XX
ID  MA0024.3_perm4
XX
DE  CtataCGCGatG
P0           A         C         G         T
1          571        68       130       254
2           54        72       896         1
3          629        99        71       224
4            0       877        70        76
5            0         1      1022         0
6          209        36       146       632
7            3       991        29         0
8            0        33       990         0
9            0      1020         0         3
10         642       210        25       146
11         254       115        89       565
12         241        46       100       636
XX
CC  residue_type: 
CC  program: transfac
CC  matrix.nb: 3
CC  accession: MA0024.3_perm4
CC  AC: MA0024.3_perm4
CC  id: MA0024.3
CC  name: MA0024.3_perm4
CC  version: 
CC  transfac_consensus: TTTGGCGCCAAA
CC  name: MA0024.3_perm4
CC  matrix.nb: 3
CC  consensus.strict: CtataCGCGatG
CC  consensus.strict.rc: CATCGCGTATAG
CC  consensus.IUPAC: CtataCGCGatG
CC  consensus.IUPAC.rc: CATCGCGTATAG
CC  consensus.regexp: CtataCGCGatG
CC  consensus.regexp.rc: CATCGCGTATAG
XX
//
AC  MA0024.3_perm5
XX
ID  MA0024.3_perm5
XX
DE  CtataCGCGatG
P0           A         C         G         T
1          642       210        25       146
2            0         1      1022         0
3            0      1020         0         3
4          629        99        71       224
5            3       991        29         0
6          241        46       100       636
7          254       115        89       565
8            0        33       990         0
9          571        68       130       254
10         209        36       146       632
11          54        72       896         1
12           0       877        70        76
XX
CC  residue_type: 
CC  program: transfac
CC  matrix.nb: 3
CC  accession: MA0024.3_perm5
CC  AC: MA0024.3_perm5
CC  id: MA0024.3
CC  name: MA0024.3_perm5
CC  version: 
CC  transfac_consensus: TTTGGCGCCAAA
CC  name: MA0024.3_perm5
CC  matrix.nb: 3
CC  consensus.strict: CtataCGCGatG
CC  consensus.strict.rc: CATCGCGTATAG
CC  consensus.IUPAC: CtataCGCGatG
CC  consensus.IUPAC.rc: CATCGCGTATAG
CC  consensus.regexp: CtataCGCGatG
CC  consensus.regexp.rc: CATCGCGTATAG
XX
//
AC  MA0027.2_perm1
XX
ID  MA0027.2_perm1
XX
DE  ysAATgAT
P0           A         C         G         T
1          100      1280         5      1506
2          427      1174       765       525
3         2730        94        67         0
4         2738         0        28       125
5           46       389       130      2326
6          689       683      1217       302
7         2863        28         0         0
8            0         0         0      2891
XX
CC  residue_type: 
CC  program: transfac
CC  matrix.nb: 4
CC  accession: MA0027.2_perm1
CC  AC: MA0027.2_perm1
CC  id: MA0027.2
CC  name: MA0027.2_perm1
CC  version: 
CC  transfac_consensus: NYAATTAN
CC  name: MA0027.2_perm1
CC  matrix.nb: 4
CC  consensus.strict: tcAATgAT
CC  consensus.strict.rc: ATCATTGA
CC  consensus.IUPAC: ysAATgAT
CC  consensus.IUPAC.rc: ATCATTSR
CC  consensus.regexp: [ct][cg]AATgAT
CC  consensus.regexp.rc: ATCATT[CG][AG]
XX
//
AC  MA0027.2_perm2
XX
ID  MA0027.2_perm2
XX
DE  ysAATgAT
P0           A         C         G         T
1         2730        94        67         0
2          427      1174       765       525
3         2738         0        28       125
4           46       389       130      2326
5         2863        28         0         0
6          100      1280         5      1506
7          689       683      1217       302
8            0         0         0      2891
XX
CC  residue_type: 
CC  program: transfac
CC  matrix.nb: 4
CC  accession: MA0027.2_perm2
CC  AC: MA0027.2_perm2
CC  id: MA0027.2
CC  name: MA0027.2_perm2
CC  version: 
CC  transfac_consensus: NYAATTAN
CC  name: MA0027.2_perm2
CC  matrix.nb: 4
CC  consensus.strict: tcAATgAT
CC  consensus.strict.rc: ATCATTGA
CC  consensus.IUPAC: ysAATgAT
CC  consensus.IUPAC.rc: ATCATTSR
CC  consensus.regexp: [ct][cg]AATgAT
CC  consensus.regexp.rc: ATCATT[CG][AG]
XX
//
AC  MA0027.2_perm3
XX
ID  MA0027.2_perm3
XX
DE  ysAATgAT
P0           A         C         G         T
1            0         0         0      2891
2           46       389       130      2326
3         2863        28         0         0
4         2738         0        28       125
5         2730        94        67         0
6          689       683      1217       302
7          100      1280         5      1506
8          427      1174       765       525
XX
CC  residue_type: 
CC  program: transfac
CC  matrix.nb: 4
CC  accession: MA0027.2_perm3
CC  AC: MA0027.2_perm3
CC  id: MA0027.2
CC  name: MA0027.2_perm3
CC  version: 
CC  transfac_consensus: NYAATTAN
CC  name: MA0027.2_perm3
CC  matrix.nb: 4
CC  consensus.strict: tcAATgAT
CC  consensus.strict.rc: ATCATTGA
CC  consensus.IUPAC: ysAATgAT
CC  consensus.IUPAC.rc: ATCATTSR
CC  consensus.regexp: [ct][cg]AATgAT
CC  consensus.regexp.rc: ATCATT[CG][AG]
XX
//
AC  MA0027.2_perm4
XX
ID  MA0027.2_perm4
XX
DE  ysAATgAT
P0           A         C         G         T
1            0         0         0      2891
2         2863        28         0         0
3         2730        94        67         0
4          689       683      1217       302
5           46       389       130      2326
6         2738         0        28       125
7          100      1280         5      1506
8          427      1174       765       525
XX
CC  residue_type: 
CC  program: transfac
CC  matrix.nb: 4
CC  accession: MA0027.2_perm4
CC  AC: MA0027.2_perm4
CC  id: MA0027.2
CC  name: MA0027.2_perm4
CC  version: 
CC  transfac_consensus: NYAATTAN
CC  name: MA0027.2_perm4
CC  matrix.nb: 4
CC  consensus.strict: tcAATgAT
CC  consensus.strict.rc: ATCATTGA
CC  consensus.IUPAC: ysAATgAT
CC  consensus.IUPAC.rc: ATCATTSR
CC  consensus.regexp: [ct][cg]AATgAT
CC  consensus.regexp.rc: ATCATT[CG][AG]
XX
//
AC  MA0027.2_perm5
XX
ID  MA0027.2_perm5
XX
DE  ysAATgAT
P0           A         C         G         T
1            0         0         0      2891
2         2738         0        28       125
3           46       389       130      2326
4         2730        94        67         0
5          100      1280         5      1506
6          427      1174       765       525
7         2863        28         0         0
8          689       683      1217       302
XX
CC  residue_type: 
CC  program: transfac
CC  matrix.nb: 4
CC  accession: MA0027.2_perm5
CC  AC: MA0027.2_perm5
CC  id: MA0027.2
CC  name: MA0027.2_perm5
CC  version: 
CC  transfac_consensus: NYAATTAN
CC  name: MA0027.2_perm5
CC  matrix.nb: 4
CC  consensus.strict: tcAATgAT
CC  consensus.strict.rc: ATCATTGA
CC  consensus.IUPAC: ysAATgAT
CC  consensus.IUPAC.rc: ATCATTSR
CC  consensus.regexp: [ct][cg]AATgAT
CC  consensus.regexp.rc: ATCATT[CG][AG]
XX
//
AC  MA0028.2_perm1
XX
ID  MA0028.2_perm1
XX
DE  CArATAGGGC
P0           A         C         G         T
1         1679     63190      2039       326
2        45807      2750     12959      5718
3        19483      9794     25353     12604
4        63678       463        83      3010
5         1137      7833      1394     56870
6        66768       340        90        36
7            0        31     67165        38
8            6        59     66140      1029
9         3939      3084     59827       384
10         522     66595        86        31
XX
CC  residue_type: 
CC  program: transfac
CC  matrix.nb: 5
CC  accession: MA0028.2_perm1
CC  AC: MA0028.2_perm1
CC  id: MA0028.2
CC  name: MA0028.2_perm1
CC  version: 
CC  transfac_consensus: ACCGGAAGTN
CC  name: MA0028.2_perm1
CC  matrix.nb: 5
CC  consensus.strict: CAgATAGGGC
CC  consensus.strict.rc: GCCCTATCTG
CC  consensus.IUPAC: CArATAGGGC
CC  consensus.IUPAC.rc: GCCCTATYTG
CC  consensus.regexp: CA[ag]ATAGGGC
CC  consensus.regexp.rc: GCCCTAT[CT]TG
XX
//
AC  MA0028.2_perm2
XX
ID  MA0028.2_perm2
XX
DE  CArATAGGGC
P0           A         C         G         T
1            0        31     67165        38
2        66768       340        90        36
3          522     66595        86        31
4         1679     63190      2039       326
5         3939      3084     59827       384
6         1137      7833      1394     56870
7        45807      2750     12959      5718
8            6        59     66140      1029
9        19483      9794     25353     12604
10       63678       463        83      3010
XX
CC  residue_type: 
CC  program: transfac
CC  matrix.nb: 5
CC  accession: MA0028.2_perm2
CC  AC: MA0028.2_perm2
CC  id: MA0028.2
CC  name: MA0028.2_perm2
CC  version: 
CC  transfac_consensus: ACCGGAAGTN
CC  name: MA0028.2_perm2
CC  matrix.nb: 5
CC  consensus.strict: CAgATAGGGC
CC  consensus.strict.rc: GCCCTATCTG
CC  consensus.IUPAC: CArATAGGGC
CC  consensus.IUPAC.rc: GCCCTATYTG
CC  consensus.regexp: CA[ag]ATAGGGC
CC  consensus.regexp.rc: GCCCTAT[CT]TG
XX
//
AC  MA0028.2_perm3
XX
ID  MA0028.2_perm3
XX
DE  CArATAGGGC
P0           A         C         G         T
1            0        31     67165        38
2          522     66595        86        31
3         1137      7833      1394     56870
4        45807      2750     12959      5718
5         1679     63190      2039       326
6         3939      3084     59827       384
7        19483      9794     25353     12604
8        63678       463        83      3010
9        66768       340        90        36
10           6        59     66140      1029
XX
CC  residue_type: 
CC  program: transfac
CC  matrix.nb: 5
CC  accession: MA0028.2_perm3
CC  AC: MA0028.2_perm3
CC  id: MA0028.2
CC  name: MA0028.2_perm3
CC  version: 
CC  transfac_consensus: ACCGGAAGTN
CC  name: MA0028.2_perm3
CC  matrix.nb: 5
CC  consensus.strict: CAgATAGGGC
CC  consensus.strict.rc: GCCCTATCTG
CC  consensus.IUPAC: CArATAGGGC
CC  consensus.IUPAC.rc: GCCCTATYTG
CC  consensus.regexp: CA[ag]ATAGGGC
CC  consensus.regexp.rc: GCCCTAT[CT]TG
XX
//
AC  MA0028.2_perm4
XX
ID  MA0028.2_perm4
XX
DE  CArATAGGGC
P0           A         C         G         T
1         1137      7833      1394     56870
2         1679     63190      2039       326
3        66768       340        90        36
4        63678       463        83      3010
5            0        31     67165        38
6        45807      2750     12959      5718
7        19483      9794     25353     12604
8            6        59     66140      1029
9          522     66595        86        31
10        3939      3084     59827       384
XX
CC  residue_type: 
CC  program: transfac
CC  matrix.nb: 5
CC  accession: MA0028.2_perm4
CC  AC: MA0028.2_perm4
CC  id: MA0028.2
CC  name: MA0028.2_perm4
CC  version: 
CC  transfac_consensus: ACCGGAAGTN
CC  name: MA0028.2_perm4
CC  matrix.nb: 5
CC  consensus.strict: CAgATAGGGC
CC  consensus.strict.rc: GCCCTATCTG
CC  consensus.IUPAC: CArATAGGGC
CC  consensus.IUPAC.rc: GCCCTATYTG
CC  consensus.regexp: CA[ag]ATAGGGC
CC  consensus.regexp.rc: GCCCTAT[CT]TG
XX
//
AC  MA0028.2_perm5
XX
ID  MA0028.2_perm5
XX
DE  CArATAGGGC
P0           A         C         G         T
1            0        31     67165        38
2        19483      9794     25353     12604
3        63678       463        83      3010
4        66768       340        90        36
5          522     66595        86        31
6         1137      7833      1394     56870
7            6        59     66140      1029
8         3939      3084     59827       384
9        45807      2750     12959      5718
10        1679     63190      2039       326
XX
CC  residue_type: 
CC  program: transfac
CC  matrix.nb: 5
CC  accession: MA0028.2_perm5
CC  AC: MA0028.2_perm5
CC  id: MA0028.2
CC  name: MA0028.2_perm5
CC  version: 
CC  transfac_consensus: ACCGGAAGTN
CC  name: MA0028.2_perm5
CC  matrix.nb: 5
CC  consensus.strict: CAgATAGGGC
CC  consensus.strict.rc: GCCCTATCTG
CC  consensus.IUPAC: CArATAGGGC
CC  consensus.IUPAC.rc: GCCCTATYTG
CC  consensus.regexp: CA[ag]ATAGGGC
CC  consensus.regexp.rc: GCCCTAT[CT]TG
XX
//
AC  MA0032.2_perm1
XX
ID  MA0032.2_perm1
XX
DE  AyMTRwAAwAw
P0           A         C         G         T
1        18907        28       443       188
2          127      9151       172     10116
3        13832      5665        22        47
4         2121      1404       331     15710
5         5036       348     14129        53
6         6738      1714      2068      9046
7        19244        58       147       117
8        13604       691      3955      1316
9         6199      1441      1024     10902
10       19393       113         0        60
11        6452       772       304     12038
XX
CC  residue_type: 
CC  program: transfac
CC  matrix.nb: 6
CC  accession: MA0032.2_perm1
CC  AC: MA0032.2_perm1
CC  id: MA0032.2
CC  name: MA0032.2_perm1
CC  version: 
CC  transfac_consensus: WAWRTMAAYAW
CC  name: MA0032.2_perm1
CC  matrix.nb: 6
CC  consensus.strict: AtATGtAAtAt
CC  consensus.strict.rc: ATATTACATAT
CC  consensus.IUPAC: AyMTRwAAwAw
CC  consensus.IUPAC.rc: WTWTTWYAKRT
CC  consensus.regexp: A[ct][AC]T[AG][at]AA[at]A[at]
CC  consensus.regexp.rc: [AT]T[AT]TT[AT][CT]A[GT][AG]T
XX
//
AC  MA0032.2_perm2
XX
ID  MA0032.2_perm2
XX
DE  AyMTRwAAwAw
P0           A         C         G         T
1        13832      5665        22        47
2         5036       348     14129        53
3        19393       113         0        60
4        18907        28       443       188
5         6738      1714      2068      9046
6         6452       772       304     12038
7        13604       691      3955      1316
8         2121      1404       331     15710
9        19244        58       147       117
10        6199      1441      1024     10902
11         127      9151       172     10116
XX
CC  residue_type: 
CC  program: transfac
CC  matrix.nb: 6
CC  accession: MA0032.2_perm2
CC  AC: MA0032.2_perm2
CC  id: MA0032.2
CC  name: MA0032.2_perm2
CC  version: 
CC  transfac_consensus: WAWRTMAAYAW
CC  name: MA0032.2_perm2
CC  matrix.nb: 6
CC  consensus.strict: AtATGtAAtAt
CC  consensus.strict.rc: ATATTACATAT
CC  consensus.IUPAC: AyMTRwAAwAw
CC  consensus.IUPAC.rc: WTWTTWYAKRT
CC  consensus.regexp: A[ct][AC]T[AG][at]AA[at]A[at]
CC  consensus.regexp.rc: [AT]T[AT]TT[AT][CT]A[GT][AG]T
XX
//
AC  MA0032.2_perm3
XX
ID  MA0032.2_perm3
XX
DE  AyMTRwAAwAw
P0           A         C         G         T
1        13832      5665        22        47
2         5036       348     14129        53
3        19244        58       147       117
4         2121      1404       331     15710
5        13604       691      3955      1316
6        19393       113         0        60
7         6452       772       304     12038
8         6738      1714      2068      9046
9         6199      1441      1024     10902
10         127      9151       172     10116
11       18907        28       443       188
XX
CC  residue_type: 
CC  program: transfac
CC  matrix.nb: 6
CC  accession: MA0032.2_perm3
CC  AC: MA0032.2_perm3
CC  id: MA0032.2
CC  name: MA0032.2_perm3
CC  version: 
CC  transfac_consensus: WAWRTMAAYAW
CC  name: MA0032.2_perm3
CC  matrix.nb: 6
CC  consensus.strict: AtATGtAAtAt
CC  consensus.strict.rc: ATATTACATAT
CC  consensus.IUPAC: AyMTRwAAwAw
CC  consensus.IUPAC.rc: WTWTTWYAKRT
CC  consensus.regexp: A[ct][AC]T[AG][at]AA[at]A[at]
CC  consensus.regexp.rc: [AT]T[AT]TT[AT][CT]A[GT][AG]T
XX
//
AC  MA0032.2_perm4
XX
ID  MA0032.2_perm4
XX
DE  AyMTRwAAwAw
P0           A         C         G         T
1        13604       691      3955      1316
2          127      9151       172     10116
3        19393       113         0        60
4         6199      1441      1024     10902
5         6738      1714      2068      9046
6         5036       348     14129        53
7        18907        28       443       188
8        19244        58       147       117
9         6452       772       304     12038
10       13832      5665        22        47
11        2121      1404       331     15710
XX
CC  residue_type: 
CC  program: transfac
CC  matrix.nb: 6
CC  accession: MA0032.2_perm4
CC  AC: MA0032.2_perm4
CC  id: MA0032.2
CC  name: MA0032.2_perm4
CC  version: 
CC  transfac_consensus: WAWRTMAAYAW
CC  name: MA0032.2_perm4
CC  matrix.nb: 6
CC  consensus.strict: AtATGtAAtAt
CC  consensus.strict.rc: ATATTACATAT
CC  consensus.IUPAC: AyMTRwAAwAw
CC  consensus.IUPAC.rc: WTWTTWYAKRT
CC  consensus.regexp: A[ct][AC]T[AG][at]AA[at]A[at]
CC  consensus.regexp.rc: [AT]T[AT]TT[AT][CT]A[GT][AG]T
XX
//
AC  MA0032.2_perm5
XX
ID  MA0032.2_perm5
XX
DE  AyMTRwAAwAw
P0           A         C         G         T
1        19244        58       147       117
2          127      9151       172     10116
3         5036       348     14129        53
4         6199      1441      1024     10902
5        13604       691      3955      1316
6         2121      1404       331     15710
7        19393       113         0        60
8        18907        28       443       188
9         6452       772       304     12038
10       13832      5665        22        47
11        6738      1714      2068      9046
XX
CC  residue_type: 
CC  program: transfac
CC  matrix.nb: 6
CC  accession: MA0032.2_perm5
CC  AC: MA0032.2_perm5
CC  id: MA0032.2
CC  name: MA0032.2_perm5
CC  version: 
CC  transfac_consensus: WAWRTMAAYAW
CC  name: MA0032.2_perm5
CC  matrix.nb: 6
CC  consensus.strict: AtATGtAAtAt
CC  consensus.strict.rc: ATATTACATAT
CC  consensus.IUPAC: AyMTRwAAwAw
CC  consensus.IUPAC.rc: WTWTTWYAKRT
CC  consensus.regexp: A[ct][AC]T[AG][at]AA[at]A[at]
CC  consensus.regexp.rc: [AT]T[AT]TT[AT][CT]A[GT][AG]T
XX
//
AC  MA0033.2_perm1
XX
ID  MA0033.2_perm1
XX
DE  TrAACAA
P0           A         C         G         T
1            9       394         0      4530
2         2102        13      2678       140
3         4879        39         0        15
4         4801        82        50         0
5            0      3842         0      1091
6         4861        55         0        17
7         4315       567        51         0
XX
CC  residue_type: 
CC  program: transfac
CC  matrix.nb: 7
CC  accession: MA0033.2_perm1
CC  AC: MA0033.2_perm1
CC  id: MA0033.2
CC  name: MA0033.2_perm1
CC  version: 
CC  transfac_consensus: RTAAACA
CC  name: MA0033.2_perm1
CC  matrix.nb: 7
CC  consensus.strict: TgAACAA
CC  consensus.strict.rc: TTGTTCA
CC  consensus.IUPAC: TrAACAA
CC  consensus.IUPAC.rc: TTGTTYA
CC  consensus.regexp: T[ag]AACAA
CC  consensus.regexp.rc: TTGTT[CT]A
XX
//
AC  MA0033.2_perm2
XX
ID  MA0033.2_perm2
XX
DE  TrAACAA
P0           A         C         G         T
1         4879        39         0        15
2         4801        82        50         0
3         4861        55         0        17
4         2102        13      2678       140
5         4315       567        51         0
6            0      3842         0      1091
7            9       394         0      4530
XX
CC  residue_type: 
CC  program: transfac
CC  matrix.nb: 7
CC  accession: MA0033.2_perm2
CC  AC: MA0033.2_perm2
CC  id: MA0033.2
CC  name: MA0033.2_perm2
CC  version: 
CC  transfac_consensus: RTAAACA
CC  name: MA0033.2_perm2
CC  matrix.nb: 7
CC  consensus.strict: TgAACAA
CC  consensus.strict.rc: TTGTTCA
CC  consensus.IUPAC: TrAACAA
CC  consensus.IUPAC.rc: TTGTTYA
CC  consensus.regexp: T[ag]AACAA
CC  consensus.regexp.rc: TTGTT[CT]A
XX
//
AC  MA0033.2_perm3
XX
ID  MA0033.2_perm3
XX
DE  TrAACAA
P0           A         C         G         T
1         2102        13      2678       140
2         4879        39         0        15
3         4861        55         0        17
4            0      3842         0      1091
5            9       394         0      4530
6         4315       567        51         0
7         4801        82        50         0
XX
CC  residue_type: 
CC  program: transfac
CC  matrix.nb: 7
CC  accession: MA0033.2_perm3
CC  AC: MA0033.2_perm3
CC  id: MA0033.2
CC  name: MA0033.2_perm3
CC  version: 
CC  transfac_consensus: RTAAACA
CC  name: MA0033.2_perm3
CC  matrix.nb: 7
CC  consensus.strict: TgAACAA
CC  consensus.strict.rc: TTGTTCA
CC  consensus.IUPAC: TrAACAA
CC  consensus.IUPAC.rc: TTGTTYA
CC  consensus.regexp: T[ag]AACAA
CC  consensus.regexp.rc: TTGTT[CT]A
XX
//
AC  MA0033.2_perm4
XX
ID  MA0033.2_perm4
XX
DE  TrAACAA
P0           A         C         G         T
1         4879        39         0        15
2         2102        13      2678       140
3            0      3842         0      1091
4         4315       567        51         0
5            9       394         0      4530
6         4861        55         0        17
7         4801        82        50         0
XX
CC  residue_type: 
CC  program: transfac
CC  matrix.nb: 7
CC  accession: MA0033.2_perm4
CC  AC: MA0033.2_perm4
CC  id: MA0033.2
CC  name: MA0033.2_perm4
CC  version: 
CC  transfac_consensus: RTAAACA
CC  name: MA0033.2_perm4
CC  matrix.nb: 7
CC  consensus.strict: TgAACAA
CC  consensus.strict.rc: TTGTTCA
CC  consensus.IUPAC: TrAACAA
CC  consensus.IUPAC.rc: TTGTTYA
CC  consensus.regexp: T[ag]AACAA
CC  consensus.regexp.rc: TTGTT[CT]A
XX
//
AC  MA0033.2_perm5
XX
ID  MA0033.2_perm5
XX
DE  TrAACAA
P0           A         C         G         T
1            9       394         0      4530
2            0      3842         0      1091
3         4801        82        50         0
4         2102        13      2678       140
5         4861        55         0        17
6         4315       567        51         0
7         4879        39         0        15
XX
CC  residue_type: 
CC  program: transfac
CC  matrix.nb: 7
CC  accession: MA0033.2_perm5
CC  AC: MA0033.2_perm5
CC  id: MA0033.2
CC  name: MA0033.2_perm5
CC  version: 
CC  transfac_consensus: RTAAACA
CC  name: MA0033.2_perm5
CC  matrix.nb: 7
CC  consensus.strict: TgAACAA
CC  consensus.strict.rc: TTGTTCA
CC  consensus.IUPAC: TrAACAA
CC  consensus.IUPAC.rc: TTGTTYA
CC  consensus.regexp: T[ag]AACAA
CC  consensus.regexp.rc: TTGTT[CT]A
XX
//
AC  MA0037.3_perm1
XX
ID  MA0037.3_perm1
XX
DE  rGATwAAs
P0           A         C         G         T
1          423       188       321        68
2            0         0      1000         0
3          915         2         0        83
4            0         0         0      1000
5          502       226         1       271
6          862        15        76        47
7         1000         0         0         0
8          114       301       476       109
XX
CC  residue_type: 
CC  program: transfac
CC  matrix.nb: 8
CC  accession: MA0037.3_perm1
CC  AC: MA0037.3_perm1
CC  id: MA0037.3
CC  name: MA0037.3_perm1
CC  version: 
CC  transfac_consensus: WGATAASN
CC  name: MA0037.3_perm1
CC  matrix.nb: 8
CC  consensus.strict: aGATaAAg
CC  consensus.strict.rc: CTTTATCT
CC  consensus.IUPAC: rGATwAAs
CC  consensus.IUPAC.rc: STTWATCY
CC  consensus.regexp: [ag]GAT[at]AA[cg]
CC  consensus.regexp.rc: [CG]TT[AT]ATC[CT]
XX
//
AC  MA0037.3_perm2
XX
ID  MA0037.3_perm2
XX
DE  rGATwAAs
P0           A         C         G         T
1         1000         0         0         0
2          862        15        76        47
3            0         0         0      1000
4          423       188       321        68
5          502       226         1       271
6          915         2         0        83
7          114       301       476       109
8            0         0      1000         0
XX
CC  residue_type: 
CC  program: transfac
CC  matrix.nb: 8
CC  accession: MA0037.3_perm2
CC  AC: MA0037.3_perm2
CC  id: MA0037.3
CC  name: MA0037.3_perm2
CC  version: 
CC  transfac_consensus: WGATAASN
CC  name: MA0037.3_perm2
CC  matrix.nb: 8
CC  consensus.strict: aGATaAAg
CC  consensus.strict.rc: CTTTATCT
CC  consensus.IUPAC: rGATwAAs
CC  consensus.IUPAC.rc: STTWATCY
CC  consensus.regexp: [ag]GAT[at]AA[cg]
CC  consensus.regexp.rc: [CG]TT[AT]ATC[CT]
XX
//
AC  MA0037.3_perm3
XX
ID  MA0037.3_perm3
XX
DE  rGATwAAs
P0           A         C         G         T
1            0         0         0      1000
2          423       188       321        68
3         1000         0         0         0
4          915         2         0        83
5          502       226         1       271
6            0         0      1000         0
7          862        15        76        47
8          114       301       476       109
XX
CC  residue_type: 
CC  program: transfac
CC  matrix.nb: 8
CC  accession: MA0037.3_perm3
CC  AC: MA0037.3_perm3
CC  id: MA0037.3
CC  name: MA0037.3_perm3
CC  version: 
CC  transfac_consensus: WGATAASN
CC  name: MA0037.3_perm3
CC  matrix.nb: 8
CC  consensus.strict: aGATaAAg
CC  consensus.strict.rc: CTTTATCT
CC  consensus.IUPAC: rGATwAAs
CC  consensus.IUPAC.rc: STTWATCY
CC  consensus.regexp: [ag]GAT[at]AA[cg]
CC  consensus.regexp.rc: [CG]TT[AT]ATC[CT]
XX
//
AC  MA0037.3_perm4
XX
ID  MA0037.3_perm4
XX
DE  rGATwAAs
P0           A         C         G         T
1          423       188       321        68
2            0         0         0      1000
3         1000         0         0         0
4          862        15        76        47
5          114       301       476       109
6          915         2         0        83
7          502       226         1       271
8            0         0      1000         0
XX
CC  residue_type: 
CC  program: transfac
CC  matrix.nb: 8
CC  accession: MA0037.3_perm4
CC  AC: MA0037.3_perm4
CC  id: MA0037.3
CC  name: MA0037.3_perm4
CC  version: 
CC  transfac_consensus: WGATAASN
CC  name: MA0037.3_perm4
CC  matrix.nb: 8
CC  consensus.strict: aGATaAAg
